3.435114503816794063e-02
3.305440472459685031e-02
-7.251908396946571411e-02
6.610880944919485941e-03
2.290076335877866409e-02
1.322176188983875955e-01
3.816793893129777349e-02
-1.057740951187100403e-01
3.435114503816794063e-02
-6.610880944919293387e-03
1.450381679389312062e-01
-1.189958570085488249e-01
-1.374045801526717625e-01
-2.644352377967755865e-02
-2.671755725190838593e-02
-4.627616661443562790e-02
-7.633587786259543595e-02
-1.322176188983875955e-01
4.198473282442749532e-02
-1.983264283475807271e-02
-3.816793893129777349e-02
-5.288704755935492302e-02
1.183206106870229313e-01
1.784937855128232442e-01
1.603053435114504266e-01
-1.586611426780651646e-01
-7.251908396946571411e-02
-6.610880944919485941e-03
6.106870229007621553e-02
-1.189958570085488249e-01
-1.030534351145038219e-01
6.610880944919293387e-03
-1.793893129770992578e-01
-1.652720236229844597e-01
-8.396946564885487962e-02
-5.288704755935492302e-02
3.435114503816794063e-02
5.949792850427441243e-02
-7.633587786259665720e-03
2.644352377967755865e-02
6.106870229007643758e-02
2.115481902374200807e-01
1.603053435114503156e-01
-1.189958570085488249e-01
-2.328244274809160297e-01
-4.627616661443562790e-02
3.053435114503821879e-02
-5.288704755935511731e-02
-1.679389312977098703e-01
-5.288704755935492302e-02
3.816793893129721837e-03
-1.983264283475826353e-02
-8.015267175572515779e-02
6.610880944919485941e-03
3.816793893129755144e-02
2.247699521272588652e-01
8.015267175572515779e-02
-2.313808330721781603e-01
6.870229007633588125e-02
0.000000000000000000e+00
1.870229007633587015e-01
-8.594145228395178027e-02
-1.412213740458014843e-01
-3.305440472459685031e-02
-7.633587786259554697e-02
-6.610880944919370061e-02
-4.198473282442760635e-02
-3.305440472459685031e-02
5.725190839694660472e-02
7.271969039411319002e-02
-2.671755725190849695e-02
5.949792850427441243e-02
1.145038167938930984e-01
1.851046664577427059e-01
1.793893129770991468e-01
-1.784937855128232442e-01
4.961832061068705002e-02
-1.983264283475826353e-02
1.145038167938930984e-01
-7.933057133903248515e-02
-1.335877862595419296e-01
1.983264283475807271e-02
-2.671755725190838593e-02
-4.627616661443562790e-02
-6.106870229007632656e-02
-3.966528566951633972e-02
4.580152671755721716e-02
2.247699521272588652e-01
1.526717557251910939e-02
1.189958570085488249e-01
4.580152671755710614e-02
1.454393807882263800e-01
1.870229007633587015e-01
-8.594145228395178027e-02
-1.526717557251908719e-01
0.000000000000000000e+00
-7.251908396946549207e-02
-9.916321417379074521e-02
-7.633587786259543595e-02
-7.933057133903248515e-02
-4.580152671755721716e-02
-3.966528566951633972e-02
-3.435114503816805165e-02
-4.627616661443562790e-02
4.580152671755721716e-02
1.851046664577427059e-01
-3.816793893129721837e-03
-5.949792850427441243e-02
1.908396946564894225e-02
1.983264283475807271e-02
1.793893129770992578e-01
-1.123849760636293355e-01
-1.450381679389314282e-01
0.000000000000000000e+00
-6.106870229007632656e-02
-3.966528566951633972e-02
-1.145038167938930984e-01
-5.288704755935492302e-02
4.198473282442760635e-02
5.949792850427441243e-02
-3.435114503816782960e-02
6.610880944919485941e-03
5.343511450381677186e-02
2.115481902374200807e-01
1.221374045801526531e-01
-1.189958570085488249e-01
-8.778625954198482351e-02
-1.983264283475807271e-02
7.633587786259543595e-02
-2.644352377967736784e-02
-1.374045801526717625e-01
0.000000000000000000e+00
-2.671755725190838593e-02
7.271969039411319002e-02
-9.160305343511443432e-02
-6.610880944919370061e-02
1.526717557251909829e-01
1.851046664577427059e-01
-1.110223024625156540e-16
-1.322176188983877933e-02
7.633587786259543595e-02
1.983264283475812961e-01
2.290076335877861968e-01
-9.255233322887125580e-02
-2.137404580152673095e-01
0.000000000000000000e+00
-8.396946564885499065e-02
0.000000000000000000e+00
-4.961832061068693900e-02
1.983264283475807271e-02
-3.053435114503821879e-02
5.288704755935511731e-02
-6.106870229007632656e-02
-3.966528566951633972e-02
4.198473282442749532e-02
2.578243568518557294e-01
1.412213740458014843e-01
-1.520502617331456752e-01
6.488549618320615942e-02
5.949792850427441243e-02
2.213740458015265311e-01
-1.586611426780651646e-01
-1.412213740458014843e-01
-4.627616661443582219e-02
-8.778625954198471248e-02
-8.594145228395197456e-02
1.145038167938938756e-02
-3.305440472459685031e-02
7.251908396946571411e-02
4.627616661443562790e-02
-4.198473282442760635e-02
5.949792850427441243e-02
1.030534351145037109e-01
2.181590711823395701e-01
1.297709923664122078e-01
-1.851046664577427059e-01
3.053435114503821879e-02
-5.288704755935511731e-02
1.717557251908397031e-01
-3.305440472459685031e-02
-1.679389312977099813e-01
-2.644352377967755865e-02
-6.870229007633588125e-02
-5.288704755935511731e-02
-9.923664122137398902e-02
-6.610880944919389490e-02
1.068702290076336547e-01
2.512134759069364343e-01
4.961832061068716104e-02
1.256067379534683004e-01
8.396946564885499065e-02
1.851046664577425116e-01
1.603053435114504266e-01
-1.322176188983875955e-01
-1.717557251908398142e-01
1.983264283475807271e-02
-3.816793893129943882e-03
-5.949792850427441243e-02
-1.145038167938930984e-01
-3.966528566951633972e-02
-1.908396946564883123e-02
-3.305440472459685031e-02
-6.106870229007643758e-02
0.000000000000000000e+00
4.198473282442738430e-02
1.784937855128232442e-01
3.435114503816782960e-02
-9.916321417379074521e-02
4.961832061068716104e-02
4.627616661443562790e-02
1.526717557251907609e-01
-1.586611426780651646e-01
-1.603053435114504266e-01
-1.322176188983877933e-02
-5.725190839694660472e-02
-7.271969039411319002e-02
-8.396946564885499065e-02
-7.933057133903267943e-02
3.053435114503832981e-02
-1.322176188983877933e-02
-4.580152671755721716e-02
-3.966528566951633972e-02
6.488549618320604839e-02
2.049373092925005913e-01
8.396946564885487962e-02
-1.322176188983875955e-01
-5.343511450381677186e-02
-6.610880944919370061e-02
-6.870229007633577023e-02
-3.966528566951633972e-02
6.488549618320604839e-02
2.446025949620171391e-01
3.435114503816794063e-02
1.983264283475826353e-02
4.961832061068693900e-02
1.652720236229844597e-01
1.641221374045801484e-01
-1.123849760636293355e-01
-1.259541984732824860e-01
-1.983264283475807271e-02
3.816793893129721837e-03
-3.305440472459685031e-02
-1.335877862595419296e-01
-1.983264283475807271e-02
-3.816793893129766246e-02
-2.644352377967755865e-02
-8.396946564885487962e-02
-3.966528566951633972e-02
3.435114503816782960e-02
1.917155474026620010e-01
1.526717557251910939e-02
-3.966528566951614543e-02
4.580152671755721716e-02
1.322176188983877933e-02
1.793893129770992578e-01
-1.520502617331456752e-01
-1.297709923664122078e-01
-2.644352377967736784e-02
-3.053435114503810777e-02
-3.966528566951633972e-02
-6.488549618320615942e-02
-1.123849760636295297e-01
3.053435114503821879e-02
2.644352377967755865e-02
2.671755725190838593e-02
1.983264283475807271e-02
6.870229007633588125e-02
2.379917140170976497e-01
1.068702290076336547e-01
-1.586611426780651646e-01
-3.435114503816794063e-02
6.610880944919293387e-03
1.068702290076335437e-01
-6.610880944919370061e-02
-1.755725190839695360e-01
-1.322176188983877933e-02
-3.053435114503821879e-02
2.644352377967755865e-02
-8.015267175572526881e-02
-5.949792850427441243e-02
7.633587786259543595e-02
3.041005234662915169e-01
-3.053435114503832981e-02
-1.322176188983877933e-02
2.290076335877866409e-02
1.586611426780651646e-01
1.870229007633588125e-01
-1.256067379534683004e-01
-5.725190839694660472e-02
-8.594145228395178027e-02
-1.145038167938927653e-02
-1.917155474026620010e-01
-1.145038167938930984e-01
-1.322176188983877933e-02
-3.053435114503810777e-02
-1.322176188983877933e-02
-4.580152671755710614e-02
0.000000000000000000e+00
8.778625954198471248e-02
1.520502617331456752e-01
3.816793893129788451e-02
-1.189958570085488249e-01
7.251908396946571411e-02
1.123849760636293355e-01
1.755725190839694250e-01
-9.255233322887125580e-02
-1.946564885496182562e-01
-6.610880944919293387e-03
1.526717557251922042e-02
-3.966528566951633972e-02
-4.961832061068705002e-02
6.610880944919293387e-03
-6.106870229007643758e-02
2.644352377967755865e-02
-5.725190839694660472e-02
-4.627616661443562790e-02
-3.053435114503810777e-02
-3.966528566951633972e-02
-8.015267175572515779e-02
-7.271969039411319002e-02
2.290076335877855307e-02
0.000000000000000000e+00
-7.251908396946571411e-02
6.610880944919485941e-03
-1.908396946564894225e-02
-6.610880944919485941e-03
4.961832061068705002e-02
2.181590711823393758e-01
2.290076335877866409e-02
-2.644352377967736784e-02
-4.961832061068705002e-02
-3.305440472459685031e-02
4.580152671755721716e-02
3.966528566951633972e-02
1.526717557251908719e-01
-1.189958570085488249e-01
-1.984732824427482001e-01
0.000000000000000000e+00
-8.396946564885499065e-02
-2.644352377967755865e-02
-1.793893129770993689e-01
-6.610880944919293387e-03
-4.198473282442749532e-02
-8.594145228395178027e-02
-1.603053435114504266e-01
-1.322176188983877933e-02
-2.671755725190827491e-02
6.610880944919293387e-03
-6.870229007633577023e-02
-5.288704755935492302e-02
1.870229007633587015e-01
2.181590711823395701e-01
4.961832061068705002e-02
4.627616661443582219e-02
8.396946564885510167e-02
1.983264283475812961e-01
1.564885496183205937e-01
-1.123849760636295297e-01
-3.816793893129777349e-02
-1.322176188983877933e-02
8.396946564885499065e-02
2.644352377967755865e-02
-1.526717557251907609e-01
-1.322176188983877933e-02
-8.396946564885510167e-02
-6.610880944919389490e-02
7.633587786259665720e-03
-2.644352377967755865e-02
7.633587786259665720e-03
-2.644352377967755865e-02
-6.870229007633588125e-02
-2.644352377967755865e-02
9.541984732824437820e-02
1.520502617331456752e-01
2.290076335877866409e-02
1.322176188983877933e-02
8.778625954198471248e-02
2.313808330721783546e-01
1.564885496183207048e-01
-1.388284998433068906e-01
-1.755725190839694250e-01
0.000000000000000000e+00
6.870229007633599227e-02
1.322176188983877933e-02
-1.221374045801527641e-01
1.322176188983877933e-02
-3.816793893129610815e-03
1.983264283475807271e-02
-8.778625954198471248e-02
-5.949792850427441243e-02
3.816793893129766246e-02
5.288704755935511731e-02
-2.290076335877866409e-02
-1.322176188983877933e-02
6.870229007633577023e-02
2.247699521272588652e-01
8.396946564885499065e-02
-1.718829045679039491e-01
-3.816793893129721837e-03
6.610880944919293387e-03
1.564885496183207048e-01
-9.916321417379074521e-02
4.580152671755732818e-02
5.288704755935511731e-02
1.679389312977099813e-01
-1.454393807882263800e-01
-1.908396946564885344e-01
-2.644352377967755865e-02
-4.198473282442749532e-02
-4.627616661443562790e-02
-1.717557251908395921e-01
-1.388284998433068906e-01
1.145038167938927653e-02
-3.305440472459704460e-02
-6.488549618320604839e-02
-1.983264283475807271e-02
1.030534351145039329e-01
2.446025949620171391e-01
1.221374045801526531e-01
-2.115481902374200807e-01
7.633587786259443675e-03
2.644352377967755865e-02
1.755725190839693139e-01
-1.057740951187100403e-01
-2.290076335877866409e-02
1.322176188983877933e-02
1.526717557251907609e-01
-1.322176188983875955e-01
-1.374045801526718735e-01
-1.322176188983877933e-02
1.717557251908397031e-01
-1.784937855128232442e-01
4.198473282442749532e-02
-6.610880944919485941e-03
-6.870229007633599227e-02
-1.322176188983877933e-02
8.396946564885487962e-02
-3.966528566951633972e-02
8.015267175572526881e-02
1.784937855128232442e-01
1.488549618320609280e-01
-2.049373092925007855e-01
5.725190839694660472e-02
1.983264283475807271e-02
1.603053435114504266e-01
-9.255233322887145009e-02
-1.717557251908397031e-01
-3.305440472459685031e-02
-8.015267175572526881e-02
-8.594145228395197456e-02
-1.068702290076335437e-01
1.454393807882263800e-01
-2.671755725190827491e-02
6.610880944919293387e-03
-9.541984732824426718e-02
-1.983264283475807271e-02
8.778625954198471248e-02
2.049373092925007855e-01
1.526717557251908719e-01
-2.115481902374200807e-01
3.816793893129755144e-02
1.322176188983877933e-02
1.755725190839693139e-01
-7.933057133903248515e-02
-1.488549618320611501e-01
6.610880944919293387e-03
-5.343511450381666084e-02
-7.933057133903248515e-02
-2.671755725190838593e-02
-4.627616661443562790e-02
5.725190839694660472e-02
4.627616661443562790e-02
-2.290076335877877511e-02
5.288704755935511731e-02
8.015267175572515779e-02
1.917155474026620010e-01
1.183206106870229313e-01
-1.784937855128232442e-01
-3.053435114503821879e-02
0.000000000000000000e+00
1.488549618320610390e-01
-6.610880944919485941e-03
-1.145038167938930984e-01
-1.322176188983877933e-02
-3.816793893129755144e-02
-3.966528566951633972e-02
-1.297709923664122078e-01
-7.933057133903248515e-02
5.343511450381677186e-02
1.586611426780649703e-01
-2.290076335877855307e-02
0.000000000000000000e+00
3.816793893129777349e-02
1.983264283475812961e-01
-1.145038167938927653e-02
1.983264283475807271e-02
6.870229007633599227e-02
2.247699521272588652e-01
7.633587786259532493e-02
-5.288704755935511731e-02
6.870229007633588125e-02
1.189958570085488249e-01
1.908396946564885344e-01
-1.189958570085488249e-01
-1.297709923664122078e-01
-1.322176188983877933e-02
-2.290076335877855307e-02
-2.644352377967755865e-02
-1.603053435114504266e-01
-2.644352377967736784e-02
-7.251908396946571411e-02
-6.610880944919485941e-03
-1.564885496183204827e-01
-1.123849760636293355e-01
8.015267175572526881e-02
1.784937855128232442e-01
2.290076335877877511e-02
2.644352377967755865e-02
6.488549618320604839e-02
2.049373092925005913e-01
1.030534351145039329e-01
-1.917155474026620010e-01
-1.145038167938938756e-02
-1.983264283475826353e-02
1.183206106870227092e-01
-5.949792850427441243e-02
-9.541984732824426718e-02
6.610880944919485941e-03
-7.633587786259554697e-02
-9.255233322887125580e-02
-1.030534351145038219e-01
-8.594145228395197456e-02
9.541984732824426718e-02
2.710461187416947082e-01
-1.908396946564883123e-02
-6.610880944919293387e-03
3.435114503816794063e-02
1.652720236229846540e-01
1.946564885496182562e-01
-1.388284998433070849e-01
-5.343511450381688288e-02
-5.288704755935492302e-02
2.671755725190827491e-02
6.610880944919293387e-03
-1.564885496183204827e-01
4.627616661443562790e-02
-4.198473282442738430e-02
-5.949792850427441243e-02
-1.030534351145038219e-01
-5.949792850427441243e-02
0.000000000000000000e+00
2.379917140170976497e-01
-1.526717557251899837e-02
-1.322176188983877933e-02
4.198473282442738430e-02
1.256067379534681061e-01
1.870229007633587015e-01
-9.916321417379074521e-02
-1.030534351145038219e-01
-3.305440472459685031e-02
1.110223024625156540e-16
-2.115481902374202750e-01
-1.030534351145039329e-01
6.610880944919485941e-03
-7.633587786259665720e-03
2.644352377967755865e-02
-6.870229007633588125e-02
-2.644352377967755865e-02
4.580152671755721716e-02
1.983264283475812961e-01
7.633587786259443675e-03
0.000000000000000000e+00
4.580152671755732818e-02
1.189958570085488249e-01
1.870229007633588125e-01
-1.256067379534681061e-01
-8.015267175572515779e-02
-1.983264283475807271e-02
7.633587786259554697e-02
0.000000000000000000e+00
-1.412213740458015954e-01
3.305440472459704460e-02
-5.725190839694660472e-02
-8.594145228395178027e-02
-2.671755725190838593e-02
-7.271969039411319002e-02
2.671755725190838593e-02
6.610880944919485941e-03
-4.961832061068716104e-02
1.983264283475807271e-02
9.160305343511454534e-02
1.983264283475812961e-01
1.145038167938938756e-02
-9.916321417379055092e-02
6.106870229007632656e-02
1.718829045679037548e-01
1.564885496183205937e-01
-1.123849760636295297e-01
-4.198473282442760635e-02
-3.305440472459685031e-02
1.641221374045802595e-01
-8.594145228395197456e-02
-1.374045801526717625e-01
0.000000000000000000e+00
-8.015267175572515779e-02
-8.594145228395178027e-02
-2.671755725190849695e-02
-8.594145228395197456e-02
4.580152671755710614e-02
-2.644352377967755865e-02
3.053435114503821879e-02
0.000000000000000000e+00
5.343511450381666084e-02
2.247699521272588652e-01
2.671755725190849695e-02
-7.271969039411299573e-02
4.198473282442738430e-02
6.610880944919293387e-03
1.946564885496182562e-01
-1.256067379534681061e-01
-1.145038167938932094e-01
-2.644352377967755865e-02
-1.145038167938938756e-02
-7.271969039411299573e-02
-3.053435114503810777e-02
-1.322176188983875955e-01
3.816793893129832860e-03
-3.305440472459704460e-02
-1.145038167938927653e-02
6.610880944919485941e-03
1.908396946564894225e-02
2.313808330721781603e-01
-1.374045801526717625e-01
2.644352377967755865e-02
-3.816793893129755144e-02
-3.966528566951633972e-02
-7.633587786259543595e-02
-5.288704755935492302e-02
1.145038167938932094e-01
2.379917140170976497e-01
-7.633587786259554697e-03
3.966528566951633972e-02
8.396946564885487962e-02
1.983264283475812961e-01
1.793893129770992578e-01
-9.916321417379074521e-02
-5.343511450381677186e-02
-2.644352377967755865e-02
1.488549618320610390e-01
-4.627616661443562790e-02
-1.717557251908398142e-01
1.983264283475807271e-02
-7.251908396946560309e-02
-5.949792850427441243e-02
-2.671755725190827491e-02
-5.949792850427441243e-02
3.053435114503821879e-02
2.644352377967755865e-02
-7.633587786259554697e-03
1.322176188983877933e-02
8.015267175572526881e-02
2.181590711823393758e-01
1.564885496183207048e-01
-1.652720236229844597e-01
-9.923664122137398902e-02
-6.610880944919389490e-02
1.641221374045802595e-01
-5.949792850427441243e-02
-1.793893129770992578e-01
1.983264283475807271e-02
-2.251908396946564750e-01
-9.916321417379055092e-02
-1.755725190839694250e-01
-1.189958570085488249e-01
1.641221374045802595e-01
4.627616661443582219e-02
8.396946564885510167e-02
-1.322176188983877933e-02
7.633587786259543595e-02
2.247699521272588652e-01
1.793893129770993689e-01
-1.520502617331458695e-01
4.961832061068705002e-02
-5.949792850427441243e-02
1.564885496183205937e-01
-8.594145228395197456e-02
-1.106870229007633766e-01
4.627616661443562790e-02
-4.580152671755721716e-02
-3.966528566951633972e-02
-5.343511450381677186e-02
-7.933057133903267943e-02
1.106870229007632656e-01
1.784937855128232442e-01
-4.198473282442738430e-02
-6.610880944919293387e-03
7.633587786259543595e-02
2.512134759069364343e-01
7.633587786259543595e-02
-1.322176188983875955e-01
6.488549618320593737e-02
5.949792850427441243e-02
1.717557251908397031e-01
-1.256067379534681061e-01
-1.259541984732823749e-01
-6.610880944919293387e-03
7.251908396946560309e-02
-7.271969039411299573e-02
-1.603053435114504266e-01
1.322176188983877933e-02
-6.870229007633577023e-02
-3.966528566951633972e-02
-1.221374045801526531e-01
-9.255233322887125580e-02
-6.870229007633588125e-02
0.000000000000000000e+00
-9.923664122137398902e-02
-1.322176188983877933e-02
3.053435114503821879e-02
2.115481902374200807e-01
-5.343511450381666084e-02
3.966528566951633972e-02
6.488549618320615942e-02
2.578243568518558959e-01
2.557251908396945828e-01
-5.949792850427441243e-02
4.961832061068705002e-02
1.256067379534681061e-01
1.641221374045800374e-01
-8.594145228395197456e-02
-3.053435114503810777e-02
2.644352377967736784e-02
9.160305343511454534e-02
6.610880944919389490e-02
-1.450381679389313172e-01
3.437658091358076762e-01
3.816793893129721837e-03
1.520502617331456752e-01
-1.221374045801526531e-01
-2.776569996866137813e-01
-9.160305343511454534e-02
-1.851046664577427059e-01
-6.488549618320604839e-02
-4.627616661443562790e-02
-1.145038167938927653e-02
-4.627616661443562790e-02
-6.488549618320615942e-02
-1.520502617331456752e-01
6.870229007633599227e-02
1.322176188983877933e-02
-2.671755725190838593e-02
-1.983264283475807271e-02
4.961832061068693900e-02
2.181590711823395701e-01
6.488549618320604839e-02
-9.916321417379074521e-02
2.671755725190849695e-02
3.305440472459685031e-02
1.564885496183204827e-01
-1.388284998433068906e-01
-8.396946564885499065e-02
-2.644352377967755865e-02
1.603053435114503156e-01
-5.288704755935511731e-02
-1.450381679389313172e-01
-1.322176188983877933e-02
-7.633587786259665720e-03
-5.288704755935511731e-02
-6.488549618320615942e-02
1.983264283475826353e-02
-2.290076335877855307e-02
-1.322176188983858677e-02
-4.961832061068716104e-02
-4.627616661443562790e-02
4.198473282442749532e-02
4.627616661443562790e-02
1.908396946564883123e-02
6.610880944919293387e-03
8.778625954198482351e-02
2.049373092925005913e-01
1.297709923664122078e-01
-1.322176188983875955e-01
4.961832061068705002e-02
-6.610880944919293387e-03
2.061068702290076438e-01
-7.933057133903267943e-02
-7.633587786259532493e-02
-2.644352377967755865e-02
-7.633587786259443675e-03
-7.933057133903267943e-02
-2.671755725190838593e-02
7.271969039411319002e-02
-5.343511450381677186e-02
0.000000000000000000e+00
-9.541984732824415616e-02
-8.594145228395197456e-02
1.183206106870228203e-01
1.388284998433068906e-01
2.671755725190840813e-01
-6.610880944919389490e-02
1.106870229007632656e-01
1.123849760636295297e-01
-2.251908396946565860e-01
-1.983264283475807271e-02
-9.160305343511443432e-02
2.908787615764527601e-01
1.603053435114505376e-01
-2.247699521272588652e-01
-4.198473282442749532e-02
3.305440472459704460e-02
2.022900763358779219e-01
-5.949792850427441243e-02
-8.778625954198471248e-02
-3.305440472459685031e-02
3.053435114503810777e-02
1.322176188983877933e-02
-1.717557251908397031e-01
3.305440472459685031e-02
-5.343511450381677186e-02
-5.288704755935511731e-02
-1.297709923664123188e-01
0.000000000000000000e+00
-5.343511450381688288e-02
3.966528566951633972e-02
-1.221374045801526531e-01
-9.255233322887125580e-02
2.671755725190838593e-02
7.271969039411319002e-02
-1.526717557251910939e-02
2.644352377967755865e-02
2.671755725190849695e-02
2.313808330721783546e-01
-7.633587786259554697e-03
-1.322176188983877933e-02
6.106870229007643758e-02
1.586611426780649703e-01
1.793893129770991468e-01
-1.256067379534681061e-01
-3.053435114503810777e-02
-1.322176188983877933e-02
1.335877862595419296e-01
-7.271969039411319002e-02
-1.870229007633589235e-01
-1.983264283475807271e-02
-8.396946564885510167e-02
-3.966528566951633972e-02
-8.778625954198482351e-02
6.610880944919485941e-03
-7.633587786259554697e-03
1.322176188983877933e-02
-1.183206106870228203e-01
-5.949792850427421814e-02
3.816793893129777349e-02
2.644352377967736784e-02
-2.290076335877855307e-02
2.644352377967755865e-02
7.633587786259543595e-02
2.247699521272588652e-01
2.671755725190827491e-02
-1.123849760636295297e-01
-3.053435114503821879e-02
3.966528566951614543e-02
1.793893129770992578e-01
-7.271969039411319002e-02
-1.145038167938929874e-01
-2.644352377967755865e-02
4.580152671755732818e-02
-1.189958570085488249e-01
-3.816793893129777349e-02
-7.933057133903248515e-02
5.343511450381677186e-02
2.644352377967755865e-02
-3.816793893129832860e-03
1.983264283475807271e-02
1.183206106870228203e-01
1.917155474026620010e-01
2.366412213740456405e-01
-1.057740951187100403e-01
4.961832061068705002e-02
-6.610880944919293387e-03
1.946564885496184782e-01
-9.916321417379074521e-02
-5.725190839694649370e-02
-6.610880944919293387e-03
2.671755725190849695e-02
4.627616661443582219e-02
-1.450381679389312062e-01
-2.644352377967755865e-02
-6.106870229007632656e-02
-1.057740951187100403e-01
-1.564885496183205937e-01
5.949792850427441243e-02
-4.580152671755721716e-02
-1.322176188983877933e-02
-9.923664122137410004e-02
-9.255233322887125580e-02
7.633587786259543595e-02
1.322176188983877933e-02
-7.633587786259554697e-03
-1.322176188983877933e-02
3.435114503816805165e-02
2.710461187416947082e-01
3.816793893129766246e-02
-1.189958570085488249e-01
2.671755725190827491e-02
5.949792850427441243e-02
1.870229007633587015e-01
-7.271969039411319002e-02
-8.015267175572515779e-02
-1.983264283475807271e-02
3.816793893129766246e-02
0.000000000000000000e+00
-1.412213740458014843e-01
-7.271969039411299573e-02
-3.816793893129755144e-02
-1.322176188983877933e-02
-6.488549618320615942e-02
-1.123849760636295297e-01
8.778625954198471248e-02
2.049373092925007855e-01
1.145038167938938756e-02
-6.610880944919293387e-03
8.396946564885499065e-02
2.115481902374200807e-01
2.633587786259543595e-01
-1.652720236229844597e-01
1.641221374045802595e-01
-3.305440472459685031e-02
1.564885496183205937e-01
-1.652720236229846540e-01
-3.282442748091604079e-01
3.966528566951633972e-02
-1.832061068702289797e-01
-1.322176188983877933e-02
-1.259541984732824860e-01
-4.627616661443562790e-02
-6.488549618320604839e-02
6.610880944919485941e-03
-4.961832061068716104e-02
6.610880944919485941e-03
6.488549618320604839e-02
1.917155474026620010e-01
-2.671755725190838593e-02
1.983264283475807271e-02
6.106870229007632656e-02
2.247699521272588652e-01
1.183206106870228203e-01
-1.256067379534683004e-01
-7.251908396946571411e-02
-6.610880944919485941e-03
1.221374045801526531e-01
-2.644352377967755865e-02
-1.297709923664123188e-01
2.644352377967755865e-02
-3.435114503816805165e-02
-4.627616661443562790e-02
-1.335877862595420407e-01
-9.916321417379055092e-02
-1.908396946564872021e-02
-1.983264283475807271e-02
-7.633587786259543595e-02
-7.933057133903248515e-02
6.106870229007643758e-02
2.115481902374200807e-01
2.671755725190838593e-02
1.983264283475807271e-02
8.778625954198471248e-02
2.049373092925007855e-01
1.832061068702288686e-01
-1.851046664577427059e-01
-3.816793893129766246e-02
-2.644352377967755865e-02
1.068702290076336547e-01
-5.288704755935492302e-02
-1.679389312977099813e-01
-5.288704755935511731e-02
-6.106870229007632656e-02
-7.933057133903248515e-02
-5.343511450381688288e-02
1.322176188983877933e-02
-1.526717557251899837e-02
-1.322176188983877933e-02
-6.870229007633588125e-02
0.000000000000000000e+00
8.396946564885487962e-02
1.851046664577427059e-01
1.717557251908393701e-01
-5.949792850427441243e-02
-7.251908396946571411e-02
9.916321417379074521e-02
3.969465648854962891e-01
-1.454393807882261858e-01
4.465648854961831171e-01
-2.842678806315332984e-01
3.740458015267176251e-01
-1.983264283475814904e-01
-1.679389312977100923e-01
1.322176188983877933e-02
-3.816793893129610815e-03
-7.271969039411319002e-02
-1.221374045801526531e-01
-5.288704755935511731e-02
-2.671755725190827491e-02
-3.305440472459685031e-02
1.526717557251899837e-02
1.322176188983877933e-02
-5.343511450381688288e-02
-5.288704755935492302e-02
-1.412213740458017064e-01
-3.305440472459685031e-02
1.526717557251899837e-02
1.322176188983877933e-02
-1.030534351145039329e-01
-1.983264283475807271e-02
7.633587786259543595e-02
1.983264283475812961e-01
2.290076335877855307e-02
0.000000000000000000e+00
8.778625954198471248e-02
2.181590711823393758e-01
6.106870229007643758e-02
-1.189958570085488249e-01
7.251908396946560309e-02
1.123849760636295297e-01
-7.633587786259665720e-03
-3.305440472459689194e-01
-4.961832061068716104e-02
-4.627616661443562790e-02
2.099236641221373656e-01
-9.916321417379074521e-02
-1.374045801526718735e-01
-1.322176188983877933e-02
6.106870229007621553e-02
0.000000000000000000e+00
-1.183206106870230423e-01
-6.610880944919485941e-03
-1.526717557251899837e-02
-9.255233322887145009e-02
-1.259541984732825970e-01
-6.610880944919293387e-03
-1.106870229007633766e-01
-1.983264283475807271e-02
-3.053435114503810777e-02
-1.057740951187100403e-01
1.526717557251910939e-02
3.966528566951614543e-02
-4.198473282442749532e-02
6.610880944919485941e-03
1.946564885496182562e-01
8.594145228395197456e-02
-3.435114503816782960e-02
3.305440472459704460e-02
1.755725190839694250e-01
3.305440472459689194e-01
-5.343511450381666084e-02
-4.627616661443564872e-01
-5.687022900763357702e-01
-6.676989754368573005e-01
-3.740458015267174030e-01
-2.644352377967751910e-01
8.396946564885510167e-02
1.586611426780651646e-01
1.984732824427480891e-01
-1.586611426780649703e-01
-1.679389312977098703e-01
-6.610880944919389490e-02
2.175572519083969203e-01
6.610880944919485941e-03
-1.221374045801526531e-01
2.644352377967755865e-02
-1.297709923664122078e-01
-1.322176188983877933e-02
-8.778625954198482351e-02
-1.983264283475807271e-02
7.633587786259443675e-03
0.000000000000000000e+00
-1.145038167938930984e-01
-3.966528566951633972e-02
2.290076335877877511e-02
9.255233322887125580e-02
2.290076335877877511e-02
0.000000000000000000e+00
4.198473282442749532e-02
2.578243568518557294e-01
3.053435114503810777e-02
-3.966528566951633972e-02
6.488549618320627044e-02
9.916321417379074521e-02
1.488549618320611501e-01
-1.520502617331456752e-01
1.526717557251922042e-02
-1.057740951187100403e-01
1.679389312977097592e-01
-1.189958570085488249e-01
-1.946564885496183672e-01
-1.983264283475807271e-02
1.526717557251907609e-01
-9.255233322887145009e-02
-1.488549618320609280e-01
-3.305440472459685031e-02
-2.290076335877855307e-02
-2.644352377967755865e-02
-1.145038167938929874e-01
5.288704755935511731e-02
-4.961832061068705002e-02
-5.949792850427441243e-02
-2.671755725190849695e-02
-1.983264283475826353e-02
2.290076335877844205e-02
1.322176188983877933e-02
-5.343511450381677186e-02
0.000000000000000000e+00
7.633587786259554697e-03
1.718829045679037548e-01
1.145038167938916551e-02
3.305440472459685031e-02
9.541984732824426718e-02
2.313808330721781603e-01
-1.221374045801525421e-01
-1.322176188983875955e-01
-4.274809160305343969e-01
3.041005234662913503e-01
6.106870229007621553e-02
0.000000000000000000e+00
-4.198473282442760635e-02
-1.123849760636295297e-01
6.488549618320615942e-02
-6.610880944919293387e-03
-1.297709923664122078e-01
9.255233322887145009e-02
-3.053435114503821879e-02
-3.966528566951614543e-02
-7.633587786259543595e-02
-3.966528566951633972e-02
8.778625954198471248e-02
8.594145228395197456e-02
-3.435114503816794063e-02
4.627616661443582219e-02
8.015267175572515779e-02
2.181590711823395701e-01
8.015267175572526881e-02
-1.520502617331456752e-01
8.778625954198482351e-02
1.520502617331458695e-01
1.564885496183205937e-01
-8.594145228395197456e-02
-2.977099236641221891e-01
-1.322176188983877933e-02
6.870229007633599227e-02
-1.322176188983877933e-02
-1.335877862595420407e-01
6.610880944919293387e-03
3.435114503816794063e-02
-3.305440472459685031e-02
-4.198473282442738430e-02
-1.123849760636295297e-01
3.053435114503810777e-02
-1.322176188983877933e-02
-7.251908396946582513e-02
-5.949792850427441243e-02
2.290076335877866409e-02
1.983264283475812961e-01
2.290076335877866409e-02
-2.644352377967736784e-02
7.633587786259543595e-02
1.322176188983875955e-01
1.603053435114504266e-01
-1.322176188983875955e-01
1.110223024625156540e-16
-1.322176188983877933e-02
1.641221374045802595e-01
-8.594145228395197456e-02
-1.488549618320610390e-01
6.610880944919485941e-03
-4.961832061068705002e-02
-3.305440472459685031e-02
-1.068702290076336547e-01
-1.322176188983877933e-02
-4.961832061068705002e-02
-6.610880944919293387e-03
7.633587786259443675e-03
-9.255233322887125580e-02
1.374045801526716515e-01
-3.966528566951633972e-02
-9.923664122137398902e-02
-3.966528566951633972e-02
-9.541984732824426718e-02
3.107114044112108120e-01
-3.435114503816794063e-02
-3.305440472459685031e-02
4.580152671755732818e-02
6.610880944919370061e-02
1.832061068702289797e-01
-6.610880944919389490e-02
-1.374045801526717625e-01
2.644352377967755865e-02
-4.961832061068705002e-02
-4.627616661443582219e-02
-1.183206106870229313e-01
-1.983264283475826353e-02
-5.343511450381688288e-02
6.610880944919389490e-02
-7.633587786259532493e-02
-2.644352377967755865e-02
2.671755725190838593e-02
1.917155474026620010e-01
-3.053435114503832981e-02
1.322176188983877933e-02
9.923664122137398902e-02
2.247699521272588652e-01
8.778625954198460146e-02
-1.256067379534683004e-01
7.251908396946560309e-02
1.388284998433070849e-01
1.717557251908397031e-01
-1.123849760636295297e-01
-2.099236641221373656e-01
-3.305440472459685031e-02
6.488549618320604839e-02
-1.983264283475807271e-02
-1.488549618320610390e-01
6.610880944919485941e-03
-3.816793893129766246e-02
-2.644352377967755865e-02
-6.488549618320615942e-02
-1.123849760636295297e-01
-2.290076335877866409e-02
-1.322176188983877933e-02
-6.488549618320627044e-02
-4.627616661443562790e-02
8.396946564885499065e-02
2.379917140170976497e-01
-1.145038167938938756e-02
6.610880944919293387e-03
6.870229007633588125e-02
2.379917140170976497e-01
1.717557251908395921e-01
-1.123849760636293355e-01
-1.145038167938927653e-02
4.627616661443562790e-02
1.183206106870229313e-01
-1.256067379534681061e-01
-2.175572519083971423e-01
-4.627616661443562790e-02
-1.526717557251910939e-02
2.644352377967755865e-02
-1.641221374045802595e-01
9.916321417379055092e-02
-3.053435114503821879e-02
3.966528566951614543e-02
-7.251908396946560309e-02
-3.305440472459685031e-02
9.160305343511443432e-02
3.966528566951614543e-02
-4.961832061068705002e-02
-5.949792850427441243e-02
4.580152671755721716e-02
1.983264283475812961e-01
6.106870229007632656e-02
1.322176188983877933e-02
5.343511450381666084e-02
1.586611426780651646e-01
1.564885496183205937e-01
-1.520502617331456752e-01
9.160305343511443432e-02
-9.255233322887125580e-02
1.679389312977099813e-01
-7.933057133903267943e-02
-1.603053435114503156e-01
0.000000000000000000e+00
6.488549618320615942e-02
-3.305440472459685031e-02
-1.068702290076334327e-01
1.322176188983877933e-02
-6.106870229007632656e-02
-3.966528566951633972e-02
-3.435114503816782960e-02
-1.123849760636293355e-01
1.110223024625156540e-16
-5.288704755935492302e-02
-8.778625954198471248e-02
-8.594145228395197456e-02
4.961832061068705002e-02
1.784937855128232442e-01
1.526717557251910939e-02
-2.644352377967755865e-02
6.870229007633588125e-02
1.718829045679039491e-01
1.488549618320611501e-01
-1.652720236229846540e-01
-3.435114503816794063e-02
6.610880944919293387e-03
1.564885496183205937e-01
-1.983264283475826353e-02
-1.297709923664123188e-01
0.000000000000000000e+00
-3.435114503816782960e-02
-1.256067379534683004e-01
-1.641221374045801484e-01
-1.652720236229844597e-01
3.816793893129832860e-03
1.983264283475807271e-02
-6.870229007633599227e-02
-3.966528566951633972e-02
1.335877862595420407e-01
1.784937855128232442e-01
-3.816793893129777349e-02
-3.966528566951633972e-02
2.061068702290076438e-01
9.255233322887125580e-02
1.335877862595420407e-01
-2.049373092925007855e-01
-9.541984732824426718e-02
1.388284998433068906e-01
-2.290076335877855307e-02
7.933057133903267943e-02
-1.145038167938932094e-01
1.189958570085488249e-01
1.641221374045801484e-01
-4.627616661443562790e-02
-1.412213740458015954e-01
6.610880944919485941e-03
-8.778625954198482351e-02
6.610880944919485941e-03
-1.984732824427480891e-01
-1.322176188983875955e-01
3.816793893129832860e-03
-1.983264283475807271e-02
-7.251908396946560309e-02
6.610880944919293387e-03
1.793893129770992578e-01
2.446025949620171391e-01
3.816793893129832860e-03
1.983264283475807271e-02
8.015267175572526881e-02
2.313808330721783546e-01
9.541984732824437820e-02
-1.520502617331456752e-01
-3.816793893129721837e-03
-5.949792850427441243e-02
2.022900763358776999e-01
-1.256067379534683004e-01
-1.603053435114503156e-01
-3.966528566951614543e-02
-2.671755725190849695e-02
-5.949792850427441243e-02
-2.328244274809160297e-01
-1.652720236229844597e-01
-6.106870229007621553e-02
-5.288704755935511731e-02
-9.160305343511443432e-02
-6.610880944919370061e-02
8.015267175572504676e-02
5.949792850427441243e-02
-2.290076335877866409e-02
-5.288704755935492302e-02
8.778625954198482351e-02
2.181590711823395701e-01
-5.343511450381677186e-02
-1.322176188983858677e-02
8.396946564885487962e-02
1.322176188983875955e-01
1.679389312977099813e-01
-1.189958570085488249e-01
3.053435114503810777e-02
1.851046664577427059e-01
5.725190839694660472e-02
-1.917155474026620010e-01
5.725190839694649370e-02
-8.594145228395197456e-02
1.450381679389313172e-01
-1.057740951187100403e-01
-3.244274809160304640e-01
-1.256067379534683004e-01
-1.335877862595421517e-01
-9.916321417379074521e-02
-5.725190839694649370e-02
1.123849760636295297e-01
3.358778625954199626e-01
9.255233322887145009e-02
3.053435114503810777e-02
3.966528566951633972e-02
-5.343511450381677186e-02
2.644352377967755865e-02
-1.908396946564894225e-02
-4.627616661443562790e-02
1.030534351145039329e-01
7.271969039411319002e-02
-6.870229007633588125e-02
1.322176188983858677e-02
2.671755725190838593e-02
-1.983264283475807271e-02
-1.641221374045801484e-01
-4.627616661443562790e-02
2.671755725190849695e-02
-3.305440472459685031e-02
6.488549618320615942e-02
1.784937855128232442e-01
-4.580152671755721716e-02
-5.288704755935492302e-02
9.160305343511443432e-02
2.379917140170976497e-01
-3.816793893129777349e-02
1.322176188983877933e-02
6.488549618320615942e-02
2.049373092925007855e-01
2.671755725190838593e-02
-8.594145228395178027e-02
6.870229007633599227e-02
2.115481902374202750e-01
1.145038167938932094e-01
-1.454393807882263800e-01
3.816793893129777349e-02
5.288704755935492302e-02
1.984732824427479780e-01
-1.057740951187100403e-01
-1.526717557251899837e-02
-2.644352377967736784e-02
1.679389312977098703e-01
-6.610880944919389490e-02
-1.374045801526717625e-01
-1.322176188983858677e-02
-4.580152671755721716e-02
-1.454393807882261858e-01
-1.641221374045800374e-01
3.305440472459685031e-02
-3.435114503816782960e-02
-4.627616661443562790e-02
-1.145038167938930984e-01
-6.610880944919389490e-02
-1.297709923664123188e-01
1.322176188983858677e-02
-4.198473282442749532e-02
-7.271969039411319002e-02
1.145038167938927653e-02
-1.983264283475807271e-02
-1.106870229007634876e-01
3.305440472459685031e-02
-3.816793893129777349e-02
1.322176188983875955e-01
-2.290076335877877511e-02
-1.189958570085488249e-01
1.717557251908395921e-01
1.983264283475807271e-02
8.778625954198471248e-02
-1.123849760636295297e-01
1.297709923664120968e-01
2.379917140170976497e-01
1.221374045801526531e-01
-2.379917140170976497e-01
2.671755725190849695e-02
1.983264283475826353e-02
2.328244274809159187e-01
-1.123849760636295297e-01
-1.183206106870230423e-01
-4.627616661443562790e-02
7.251908396946571411e-02
-7.271969039411319002e-02
-1.374045801526716515e-01
-2.644352377967736784e-02
-4.198473282442738430e-02
-3.305440472459685031e-02
-1.030534351145037109e-01
-8.594145228395178027e-02
3.053435114503810777e-02
9.255233322887145009e-02
-3.816793893129777349e-02
-1.322176188983877933e-02
4.961832061068693900e-02
2.181590711823395701e-01
1.106870229007632656e-01
-9.916321417379055092e-02
7.633587786259554697e-03
-1.322176188983877933e-02
1.717557251908395921e-01
-1.256067379534681061e-01
-1.297709923664122078e-01
-1.322176188983877933e-02
-6.106870229007632656e-02
-5.288704755935492302e-02
-1.068702290076335437e-01
-6.610880944919370061e-02
7.633587786259543595e-02
1.057740951187100403e-01
3.816793893129777349e-02
6.610880944919389490e-02
5.725190839694660472e-02
2.181590711823395701e-01
1.297709923664122078e-01
-1.322176188983875955e-01
-1.564885496183205937e-01
-6.610880944919293387e-03
6.870229007633588125e-02
2.644352377967755865e-02
-1.412213740458014843e-01
5.949792850427441243e-02
-1.908396946564872021e-02
-6.610880944919485941e-03
-7.251908396946571411e-02
-7.271969039411319002e-02
6.870229007633588125e-02
1.454393807882263800e-01
-2.290076335877855307e-02
9.255233322887125580e-02
8.396946564885499065e-02
1.851046664577425116e-01
1.641221374045800374e-01
-1.256067379534681061e-01
-2.137404580152671985e-01
-6.610880944919389490e-02
1.145038167938938756e-02
-1.123849760636295297e-01
-9.923664122137398902e-02
-5.288704755935492302e-02
-3.435114503816782960e-02
-6.610880944919485941e-03
-8.778625954198460146e-02
-6.610880944919485941e-03
2.290076335877855307e-02
1.851046664577425116e-01
2.290076335877855307e-02
-6.610880944919370061e-02
4.961832061068716104e-02
7.271969039411319002e-02
1.450381679389314282e-01
-1.851046664577427059e-01
-2.137404580152673095e-01
-3.966528566951614543e-02
-7.633587786259543595e-02
-5.288704755935492302e-02
-8.396946564885499065e-02
-2.644352377967755865e-02
-3.816793893129755144e-02
1.322176188983877933e-02
-8.396946564885487962e-02
-1.322176188983877933e-02
1.526717557251899837e-02
1.718829045679037548e-01
1.641221374045801484e-01
-2.181590711823395701e-01
4.198473282442760635e-02
-6.610880944919293387e-03
1.717557251908397031e-01
-9.916321417379074521e-02
-1.488549618320611501e-01
-5.949792850427441243e-02
1.106870229007632656e-01
-3.305440472459685031e-02
-1.412213740458014843e-01
3.305440472459685031e-02
-6.106870229007621553e-02
-5.288704755935511731e-02
-1.793893129770993689e-01
-5.949792850427441243e-02
-1.908396946564883123e-02
3.305440472459685031e-02
-3.435114503816794063e-02
4.627616661443582219e-02
1.603053435114504266e-01
2.247699521272588652e-01
6.106870229007632656e-02
-7.933057133903248515e-02
2.290076335877855307e-02
3.966528566951614543e-02
1.832061068702289797e-01
-1.322176188983875955e-01
-1.335877862595420407e-01
-6.610880944919293387e-03
-7.633587786259665720e-03
-1.189958570085488249e-01
-8.396946564885510167e-02
-1.057740951187100403e-01
4.198473282442749532e-02
4.627616661443562790e-02
4.198473282442749532e-02
1.983264283475807271e-02
3.435114503816794063e-02
2.049373092925007855e-01
1.030534351145038219e-01
-1.256067379534681061e-01
-1.259541984732823749e-01
-6.610880944919293387e-03
6.106870229007621553e-02
0.000000000000000000e+00
-1.832061068702288686e-01
0.000000000000000000e+00
-6.488549618320615942e-02
-1.983264283475826353e-02
-8.015267175572515779e-02
-7.271969039411319002e-02
9.923664122137398902e-02
2.247699521272588652e-01
1.145038167938927653e-02
6.610880944919485941e-03
7.251908396946560309e-02
1.520502617331456752e-01
1.832061068702288686e-01
-1.057740951187100403e-01
-1.641221374045801484e-01
-6.610880944919485941e-03
6.870229007633588125e-02
2.644352377967755865e-02
-1.564885496183205937e-01
-6.610880944919293387e-03
-2.671755725190827491e-02
-1.983264283475826353e-02
-7.251908396946560309e-02
-5.949792850427441243e-02
-3.816793893129777349e-02
-1.322176188983877933e-02
-6.870229007633588125e-02
-1.322176188983858677e-02
6.106870229007632656e-02
2.512134759069364343e-01
-9.160305343511454534e-02
-5.288704755935492302e-02
-3.816793893129777349e-02
-3.966528566951633972e-02
-4.961832061068705002e-02
-5.949792850427441243e-02
-4.961832061068705002e-02
-3.305440472459685031e-02
-1.183206106870229313e-01
-5.949792850427441243e-02
-3.816793893129766246e-02
0.000000000000000000e+00
-7.251908396946571411e-02
-4.627616661443562790e-02
1.145038167938932094e-01
2.247699521272590595e-01
-4.580152671755732818e-02
1.322176188983858677e-02
-6.488549618320627044e-02
-1.983264283475807271e-02
-6.870229007633588125e-02
-6.610880944919370061e-02
-8.396946564885499065e-02
-1.322176188983874012e-01
-3.053435114503821879e-02
-2.644352377967755865e-02
-8.015267175572515779e-02
-7.271969039411319002e-02
7.251908396946560309e-02
1.123849760636295297e-01
-2.290076335877866409e-02
2.644352377967736784e-02
1.030534351145039329e-01
1.917155474026620010e-01
1.526717557251899837e-02
-7.933057133903248515e-02
6.870229007633588125e-02
1.718829045679039491e-01
1.374045801526716515e-01
-1.322176188983875955e-01
-4.198473282442738430e-02
-1.983264283475826353e-02
1.564885496183205937e-01
-8.594145228395197456e-02
-2.290076335877866409e-02
-2.644352377967736784e-02
-1.183206106870228203e-01
6.610880944919485941e-03
1.793893129770991468e-01
-1.256067379534681061e-01
2.671755725190838593e-02
-4.627616661443562790e-02
2.671755725190838593e-02
-8.594145228395178027e-02
4.580152671755721716e-02
1.718829045679037548e-01
1.679389312977099813e-01
-7.933057133903267943e-02
-7.633587786259532493e-02
-1.322176188983858677e-02
5.343511450381677186e-02
-5.288704755935511731e-02
-1.183206106870229313e-01
3.305440472459685031e-02
-4.961832061068705002e-02
-4.627616661443582219e-02
-7.251908396946560309e-02
-5.949792850427441243e-02
8.015267175572515779e-02
7.271969039411319002e-02
-6.870229007633577023e-02
-3.966528566951633972e-02
2.290076335877866409e-02
3.966528566951633972e-02
1.908396946564883123e-02
-9.916321417379055092e-02
1.335877862595420407e-01
-3.305440472459685031e-02
-1.755725190839695360e-01
-3.966528566951633972e-02
-6.106870229007632656e-02
-3.966528566951633972e-02
-5.343511450381677186e-02
-3.966528566951614543e-02
-4.198473282442749532e-02
1.983264283475807271e-02
-1.564885496183205937e-01
5.949792850427441243e-02
-3.816793893129766246e-02
-5.288704755935511731e-02
-9.923664122137387800e-02
0.000000000000000000e+00
1.221374045801525421e-01
-5.288704755935492302e-02
-2.671755725190839703e-01
-1.322176188983877933e-02
1.526717557251908719e-01
-2.644352377967755865e-02
-1.641221374045800374e-01
-5.949792850427441243e-02
1.030534351145038219e-01
-4.627616661443582219e-02
-8.396946564885487962e-02
2.644352377967736784e-02
-4.961832061068705002e-02
-5.949792850427441243e-02
-1.297709923664120968e-01
7.933057133903267943e-02
1.526717557251910939e-02
2.644352377967755865e-02
-9.160305343511443432e-02
-1.322176188983858677e-02
1.946564885496182562e-01
2.049373092925007855e-01
2.671755725190838593e-02
-7.271969039411319002e-02
4.961832061068693900e-02
1.520502617331458695e-01
2.404580152671754734e-01
-9.916321417379074521e-02
-1.717557251908397031e-01
-6.610880944919293387e-03
4.580152671755721716e-02
1.322176188983877933e-02
-1.832061068702289797e-01
1.322176188983877933e-02
-6.488549618320615942e-02
-1.983264283475826353e-02
-7.633587786259532493e-02
-9.255233322887125580e-02
-1.110223024625156540e-16
-1.322176188983877933e-02
-4.198473282442749532e-02
-1.983264283475807271e-02
1.908396946564894225e-02
2.181590711823395701e-01
-2.290076335877866409e-02
1.322176188983877933e-02
6.870229007633599227e-02
1.718829045679037548e-01
1.984732824427478670e-01
-1.189958570085488249e-01
-7.633587786259532493e-02
-3.966528566951614543e-02
6.870229007633577023e-02
3.966528566951633972e-02
-1.450381679389313172e-01
-1.322176188983877933e-02
-5.725190839694660472e-02
-7.271969039411319002e-02
-1.221374045801526531e-01
6.610880944919370061e-02
1.526717557251910939e-02
3.966528566951614543e-02
-7.251908396946582513e-02
-3.305440472459685031e-02
1.145038167938927653e-02
2.446025949620171391e-01
7.251908396946571411e-02
-4.627616661443562790e-02
9.160305343511443432e-02
1.851046664577425116e-01
1.335877862595419296e-01
-1.652720236229844597e-01
-3.435114503816794063e-02
-6.610880944919293387e-03
1.641221374045801484e-01
-1.123849760636295297e-01
-1.564885496183207048e-01
-1.983264283475807271e-02
-3.053435114503832981e-02
-7.933057133903248515e-02
-1.488549618320611501e-01
-7.271969039411299573e-02
-6.106870229007621553e-02
0.000000000000000000e+00
-9.923664122137398902e-02
-3.966528566951633972e-02
6.488549618320615942e-02
1.520502617331456752e-01
-1.526717557251910939e-02
2.644352377967755865e-02
2.099236641221373656e-01
2.049373092925007855e-01
3.053435114503821879e-02
-7.933057133903267943e-02
4.961832061068693900e-02
1.652720236229844597e-01
1.984732824427482001e-01
-9.255233322887125580e-02
-1.030534351145038219e-01
-3.305440472459685031e-02
1.526717557251909829e-01
-7.933057133903248515e-02
-1.488549618320610390e-01
6.610880944919485941e-03
-5.343511450381666084e-02
-5.288704755935492302e-02
-1.145038167938933205e-01
-1.057740951187100403e-01
-4.198473282442760635e-02
-5.949792850427441243e-02
-1.030534351145038219e-01
-9.916321417379055092e-02
6.870229007633588125e-02
2.115481902374200807e-01
6.870229007633588125e-02
-2.644352377967755865e-02
7.251908396946560309e-02
2.049373092925007855e-01
1.526717557251907609e-01
-1.322176188983875955e-01
-8.396946564885499065e-02
-2.644352377967755865e-02
1.679389312977098703e-01
-1.322176188983875955e-01
-1.641221374045801484e-01
-6.610880944919485941e-03
-1.110223024625156540e-16
-5.288704755935492302e-02
8.396946564885487962e-02
1.057740951187100403e-01
1.412213740458014843e-01
-1.520502617331456752e-01
-1.221374045801526531e-01
0.000000000000000000e+00
1.335877862595419296e-01
-6.610880944919485941e-03
-1.221374045801525421e-01
-1.322176188983877933e-02
-3.053435114503821879e-02
-6.610880944919370061e-02
-1.374045801526716515e-01
-7.933057133903248515e-02
-1.145038167938916551e-02
-3.305440472459685031e-02
-6.870229007633599227e-02
-3.966528566951633972e-02
1.145038167938932094e-01
2.115481902374200807e-01
7.633587786259554697e-03
5.288704755935492302e-02
6.488549618320627044e-02
1.652720236229844597e-01
1.488549618320611501e-01
-1.256067379534681061e-01
-7.251908396946560309e-02
-6.610880944919293387e-03
3.816793893129943882e-03
-5.949792850427441243e-02
-1.259541984732824860e-01
3.305440472459704460e-02
-4.961832061068705002e-02
-5.949792850427441243e-02
-3.816793893129766246e-02
-6.610880944919370061e-02
6.870229007633577023e-02
5.288704755935492302e-02
-4.961832061068693900e-02
-6.610880944919485941e-03
6.870229007633599227e-02
2.644352377967750245e-01
7.251908396946571411e-02
-1.388284998433068906e-01
8.396946564885510167e-02
1.322176188983875955e-01
1.717557251908398142e-01
-1.520502617331456752e-01
-1.374045801526717625e-01
-5.288704755935511731e-02
1.564885496183205937e-01
-5.949792850427441243e-02
-1.488549618320610390e-01
1.983264283475807271e-02
-4.961832061068716104e-02
-4.627616661443562790e-02
-1.183206106870229313e-01
-9.916321417379055092e-02
-1.908396946564883123e-02
-6.610880944919293387e-03
-3.053435114503821879e-02
2.644352377967755865e-02
6.488549618320615942e-02
2.049373092925007855e-01
1.374045801526718735e-01
-1.586611426780651646e-01
-5.343511450381677186e-02
0.000000000000000000e+00
1.106870229007633766e-01
-1.983264283475807271e-02
-1.755725190839695360e-01
-1.322176188983877933e-02
-6.106870229007632656e-02
-1.322176188983877933e-02
-7.251908396946560309e-02
-8.594145228395197456e-02
5.343511450381688288e-02
1.322176188983875955e-01
-7.633587786259554697e-03
1.322176188983877933e-02
6.488549618320615942e-02
2.049373092925007855e-01
1.068702290076335437e-01
-1.718829045679039491e-01
2.671755725190849695e-02
-7.271969039411299573e-02
1.984732824427479780e-01
-9.255233322887125580e-02
-1.068702290076335437e-01
0.000000000000000000e+00
-3.816793893129777349e-02
-3.966528566951633972e-02
-1.412213740458014843e-01
-9.916321417379055092e-02
-1.908396946564894225e-02
6.610880944919485941e-03
-8.015267175572526881e-02
-5.949792850427441243e-02
8.015267175572515779e-02
2.049373092925005913e-01
1.145038167938938756e-02
-3.305440472459685031e-02
3.816793893129788451e-02
1.189958570085488249e-01
1.755725190839694250e-01
-6.610880944919370061e-02
-6.870229007633588125e-02
0.000000000000000000e+00
8.778625954198460146e-02
-6.610880944919485941e-03
-1.259541984732823749e-01
6.610880944919293387e-03
-5.343511450381677186e-02
-7.933057133903267943e-02
-1.221374045801526531e-01
1.322176188983858677e-02
-1.908396946564894225e-02
7.271969039411319002e-02
-5.725190839694660472e-02
1.983264283475807271e-02
7.251908396946571411e-02
1.652720236229844597e-01
-1.526717557251910939e-02
-2.644352377967755865e-02
5.343511450381699390e-02
2.379917140170976497e-01
5.725190839694660472e-02
-1.652720236229844597e-01
2.290076335877866409e-02
1.322176188983877933e-02
1.908396946564885344e-01
-1.189958570085488249e-01
3.816793893129777349e-02
1.322176188983877933e-02
1.908396946564886454e-01
-3.966528566951614543e-02
-1.412213740458015954e-01
1.983264283475807271e-02
-3.816793893129777349e-02
-6.610880944919389490e-02
-3.816793893129777349e-02
-3.966528566951633972e-02
5.343511450381666084e-02
6.610880944919389490e-02
-8.396946564885487962e-02
-2.644352377967736784e-02
7.251908396946571411e-02
2.181590711823395701e-01
6.106870229007643758e-02
-1.189958570085488249e-01
5.725190839694660472e-02
7.271969039411319002e-02
1.679389312977099813e-01
-1.454393807882263800e-01
-2.557251908396945828e-01
-1.983264283475807271e-02
1.335877862595420407e-01
-5.949792850427441243e-02
-1.450381679389313172e-01
-1.322176188983877933e-02
-4.580152671755721716e-02
-5.288704755935492302e-02
-9.541984732824426718e-02
-4.627616661443562790e-02
-5.343511450381688288e-02
-1.322176188983877933e-02
