-4.000000000000000000e+00
1.039230484541326405e+01
9.000000000000000000e+00
-8.660254037844385522e+00
2.100000000000000000e+01
1.558845726811989429e+01
-3.000000000000000000e+00
-1.732050807568877193e+00
-1.200000000000000000e+01
0.000000000000000000e+00
-1.200000000000000000e+01
-3.464101615137754386e+00
0.000000000000000000e+00
3.464101615137754386e+00
0.000000000000000000e+00
-3.464101615137754386e+00
-1.000000000000000000e+00
-1.905255888325764957e+01
-5.000000000000000000e+00
-1.558845726811989429e+01
-2.000000000000000000e+00
-3.464101615137754386e+00
1.800000000000000000e+01
-3.464101615137754386e+00
1.800000000000000000e+01
2.424871130596428159e+01
2.700000000000000000e+01
-1.732050807568877193e+00
1.900000000000000000e+01
-8.660254037844385522e+00
-1.600000000000000000e+01
-1.039230484541326405e+01
5.000000000000000000e+00
1.732050807568877193e+00
2.400000000000000000e+01
6.928203230275508773e+00
-3.000000000000000000e+01
-1.385640646055101755e+01
-2.000000000000000000e+00
6.928203230275508773e+00
1.600000000000000000e+01
2.424871130596428159e+01
-1.100000000000000000e+01
5.196152422706632024e+00
-1.300000000000000000e+01
-1.212435565298214080e+01
3.400000000000000000e+01
3.810511776651529914e+01
3.000000000000000000e+01
1.039230484541326405e+01
2.900000000000000000e+01
-5.196152422706632024e+00
-2.500000000000000000e+01
-5.196152422706632024e+00
1.000000000000000000e+00
1.212435565298214080e+01
-4.000000000000000000e+00
-3.464101615137754386e+00
-2.600000000000000000e+01
3.464101615137754386e+00
-1.700000000000000000e+01
-1.558845726811989429e+01
-1.000000000000000000e+00
-1.732050807568877193e+00
1.000000000000000000e+01
6.928203230275508773e+00
-1.600000000000000000e+01
6.928203230275508773e+00
-1.000000000000000000e+00
-8.660254037844385522e+00
2.700000000000000000e+01
3.637306695894642417e+01
-5.000000000000000000e+00
-1.732050807568877193e+00
-1.000000000000000000e+01
3.464101615137754386e+00
-1.400000000000000000e+01
-1.039230484541326405e+01
3.000000000000000000e+00
1.732050807568877193e+00
-1.400000000000000000e+01
2.771281292110203509e+01
-4.100000000000000000e+01
-1.212435565298214080e+01
5.000000000000000000e+00
1.212435565298214080e+01
-2.300000000000000000e+01
8.660254037844385522e+00
3.300000000000000000e+01
1.212435565298214080e+01
-8.000000000000000000e+00
2.078460969082652809e+01
1.000000000000000000e+01
1.732050807568877104e+01
-6.000000000000000000e+00
0.000000000000000000e+00
-1.800000000000000000e+01
0.000000000000000000e+00
-3.000000000000000000e+00
1.558845726811989429e+01
1.100000000000000000e+01
8.660254037844385522e+00
1.600000000000000000e+01
2.424871130596428159e+01
-1.800000000000000000e+01
-1.039230484541326405e+01
-1.400000000000000000e+01
3.464101615137754386e+00
-9.000000000000000000e+00
-1.732050807568877193e+00
8.000000000000000000e+00
1.385640646055101755e+01
-8.000000000000000000e+00
-3.464101615137754386e+00
-5.000000000000000000e+00
-8.660254037844385522e+00
-2.000000000000000000e+00
-1.039230484541326405e+01
4.000000000000000000e+00
2.424871130596428159e+01
-3.000000000000000000e+00
-2.598076211353315657e+01
-1.000000000000000000e+01
-1.039230484541326405e+01
-1.700000000000000000e+01
-1.212435565298214080e+01
1.800000000000000000e+01
-6.928203230275508773e+00
1.500000000000000000e+01
-1.558845726811989429e+01
9.000000000000000000e+00
1.732050807568877193e+00
-9.000000000000000000e+00
1.212435565298214080e+01
2.000000000000000000e+00
-1.039230484541326405e+01
2.000000000000000000e+00
0.000000000000000000e+00
-8.000000000000000000e+00
0.000000000000000000e+00
2.000000000000000000e+00
6.928203230275508773e+00
2.600000000000000000e+01
3.464101615137754386e+00
1.000000000000000000e+01
-1.039230484541326405e+01
1.300000000000000000e+01
1.732050807568877193e+00
1.700000000000000000e+01
-1.558845726811989429e+01
1.300000000000000000e+01
1.212435565298214080e+01
-1.500000000000000000e+01
1.732050807568877193e+00
-2.200000000000000000e+01
-3.117691453623978859e+01
-6.000000000000000000e+00
0.000000000000000000e+00
2.000000000000000000e+01
6.928203230275508773e+00
-9.000000000000000000e+00
1.212435565298214080e+01
