-1.089108910891087856e-01
5.144705369016471658e-02
9.900990099009909784e-03
-5.144705369016471658e-02
-6.930693069306925747e-02
-1.543411610704939485e-01
-1.782178217821781541e-01
3.086823221409878970e-01
1.584158415841583345e-01
-1.028941073803294332e-01
-1.188118811881188064e-01
2.057882147606586720e-01
1.782178217821782651e-01
1.028941073803292389e-01
-2.970297029702961833e-02
-2.572352684508233955e-01
1.188118811881188064e-01
-1.028941073803294332e-01
8.910891089108907703e-02
5.144705369016452229e-02
1.188118811881188064e-01
2.057882147606586720e-01
-3.960396039603963914e-02
0.000000000000000000e+00
3.861386138613861485e-01
1.714901789672138022e-02
1.089108910891087856e-01
-1.543411610704941428e-01
0.000000000000000000e+00
0.000000000000000000e+00
4.950495049504954892e-02
-1.714901789672157104e-02
-2.970297029702972935e-02
-1.886391968639372918e-01
2.673267326732673421e-01
-1.714901789672157104e-02
9.900990099009909784e-03
-1.714901789672157104e-02
-1.287128712871288272e-01
-5.144705369016471658e-02
-2.970297029702972935e-02
1.200431252770510077e-01
1.683168316831684663e-01
-1.714901789672157104e-02
-1.485148514851484247e-01
-1.886391968639372918e-01
-1.089108910891087856e-01
1.714901789672157104e-02
1.980198019801981957e-01
0.000000000000000000e+00
-2.970297029702972935e-02
-1.714901789672157104e-02
-1.980198019801981957e-02
1.714901789672157173e-01
-7.920792079207938929e-02
-1.714901789672155230e-01
-4.950495049504954892e-02
5.144705369016471658e-02
-1.980198019801981957e-02
-3.429803579344314207e-02
-1.386138613861386260e-01
-1.028941073803292389e-01
-9.900990099009909784e-03
1.714901789672157104e-02
1.287128712871287162e-01
-2.229372326573802465e-01
1.782178217821780430e-01
2.057882147606586720e-01
-8.910891089108918806e-02
1.543411610704941428e-01
9.900990099009798762e-03
-1.714901789672138022e-02
-2.970297029702972935e-02
5.144705369016471658e-02
9.900990099009909784e-03
-1.714901789672157104e-02
-7.920792079207927827e-02
6.859607158688628414e-02
1.683168316831682443e-01
1.714901789672157104e-02
7.920792079207916725e-02
6.859607158688608985e-02
9.900990099009909784e-03
-5.144705369016471658e-02
-9.900990099009909784e-02
-1.028941073803294332e-01
-1.881188118811881749e-01
5.144705369016452229e-02
2.970297029702961833e-02
5.144705369016452229e-02
-2.970297029702972935e-02
1.714901789672157104e-02
1.287128712871288272e-01
-1.714901789672157104e-02
-7.920792079207927827e-02
1.028941073803294332e-01
9.900990099009909784e-03
1.714901789672157104e-02
9.900990099009909784e-03
1.714901789672157104e-02
-9.900990099009909784e-03
1.714901789672157104e-02
2.079207920792078834e-01
1.714901789672157104e-02
2.970297029702972935e-02
-8.574508948360785865e-02
-4.950495049504954892e-02
1.714901789672157104e-02
-1.782178217821782651e-01
6.859607158688608985e-02
-8.910891089108918806e-02
-5.144705369016471658e-02
6.930693069306936849e-02
-8.574508948360785865e-02
3.960396039603952811e-02
-6.859607158688608985e-02
7.920792079207938929e-02
-1.714901789672155230e-01
-5.940594059405934768e-02
1.371921431737723740e-01
-6.930693069306914644e-02
-1.714901789672157104e-02
4.950495049504954892e-02
-1.714901789672157104e-02
-8.910891089108907703e-02
-1.543411610704939485e-01
4.950495049504965994e-02
-2.229372326573802465e-01
1.980198019801979736e-01
-6.859607158688628414e-02
2.772277227722772519e-01
0.000000000000000000e+00
9.900990099009909784e-03
1.714901789672157104e-02
1.584158415841585565e-01
0.000000000000000000e+00
0.000000000000000000e+00
-3.429803579344314207e-02
2.970297029702972935e-02
1.200431252770510077e-01
1.980198019801970855e-02
3.429803579344294778e-02
2.970297029702972935e-02
-1.714901789672157104e-02
2.277227722772277030e-01
1.714901789672157104e-02
-3.960396039603963914e-02
-6.859607158688628414e-02
1.683168316831684663e-01
1.714901789672157104e-02
-2.970297029702972935e-02
-1.714901789672157104e-02
-1.089108910891088966e-01
-2.572352684508233955e-01
-7.920792079207927827e-02
1.371921431737725683e-01
-3.960396039603963914e-02
-3.429803579344314207e-02
9.900990099010020806e-03
-5.144705369016452229e-02
3.960396039603952811e-02
-1.028941073803292389e-01
9.900990099009898682e-02
-2.400862505541018210e-01
-1.683168316831683553e-01
8.574508948360766436e-02
1.287128712871286051e-01
1.200431252770510077e-01
1.188118811881186954e-01
-1.714901789672157173e-01
4.950495049504943790e-02
-5.144705369016452229e-02
0.000000000000000000e+00
0.000000000000000000e+00
9.900990099009909784e-02
3.429803579344314207e-02
9.900990099009909784e-03
-5.144705369016471658e-02
1.980198019801981957e-02
0.000000000000000000e+00
0.000000000000000000e+00
-3.429803579344314207e-02
-8.910891089108907703e-02
-1.543411610704939485e-01
-8.910891089108918806e-02
5.144705369016471658e-02
-5.940594059405945870e-02
1.028941073803294332e-01
-1.089108910891087856e-01
1.714901789672157104e-02
-2.277227722772278140e-01
-5.144705369016452229e-02
-5.940594059405945870e-02
1.028941073803294332e-01
-1.386138613861385149e-01
0.000000000000000000e+00
-5.940594059405945870e-02
1.028941073803294332e-01
1.980198019801970855e-02
-3.429803579344294778e-02
-1.485148514851484247e-01
1.886391968639372918e-01
9.900990099010020806e-03
2.229372326573802465e-01
1.584158415841583345e-01
6.859607158688628414e-02
7.920792079207905623e-02
-3.429803579344314207e-02
-1.980198019801981957e-02
-3.429803579344314207e-02
1.287128712871287162e-01
1.886391968639370975e-01
-3.960396039603975016e-02
2.057882147606586720e-01
6.930693069306936849e-02
1.714901789672157104e-02
-1.089108910891088966e-01
5.144705369016452229e-02
6.930693069306936849e-02
1.714901789672157104e-02
-1.980198019801993059e-02
-1.371921431737723740e-01
-1.089108910891088966e-01
1.543411610704939485e-01
9.900990099009909784e-02
-3.429803579344314207e-02
-6.930693069306936849e-02
-1.543411610704941428e-01
-1.980198019801981957e-02
6.859607158688628414e-02
3.960396039603963914e-02
0.000000000000000000e+00
-9.900990099009909784e-03
-1.714901789672157104e-02
0.000000000000000000e+00
1.028941073803294332e-01
1.386138613861387370e-01
-3.429803579344314207e-02
-1.584158415841584455e-01
1.714901789672155230e-01
-7.920792079207916725e-02
1.714901789672155230e-01
9.900990099009909784e-03
-1.543411610704941428e-01
-6.930693069306925747e-02
-1.886391968639370975e-01
-2.970297029702972935e-02
-1.714901789672157104e-02
1.584158415841584455e-01
-3.429803579344294778e-02
-1.188118811881188064e-01
-6.859607158688608985e-02
-1.188118811881189174e-01
-6.859607158688628414e-02
1.881188118811881749e-01
-2.229372326573802465e-01
-4.950495049504954892e-02
1.714901789672157104e-02
1.980198019801981957e-02
0.000000000000000000e+00
6.930693069306914644e-02
1.714901789672157104e-02
-9.900990099009909784e-02
-3.429803579344314207e-02
-9.900990099009909784e-02
-1.371921431737725683e-01
-1.980198019801981957e-02
0.000000000000000000e+00
1.485148514851484247e-01
1.886391968639372918e-01
6.930693069306936849e-02
-1.200431252770510077e-01
9.900990099009909784e-03
-1.714901789672157104e-02
-7.920792079207905623e-02
6.859607158688628414e-02
-1.287128712871287162e-01
-1.886391968639370975e-01
-3.366336633663364886e-01
-3.429803579344314207e-02
-9.900990099009909784e-03
-1.714901789672157104e-02
5.940594059405945870e-02
0.000000000000000000e+00
-1.386138613861387370e-01
1.714901789672157173e-01
6.930693069306925747e-02
-1.714901789672138022e-02
-5.940594059405945870e-02
3.429803579344314207e-02
9.900990099009909784e-03
1.714901789672157104e-02
-4.950495049504954892e-02
-1.886391968639372918e-01
-8.910891089108918806e-02
-8.574508948360785865e-02
-9.900990099009909784e-03
5.144705369016471658e-02
-1.287128712871287162e-01
-2.229372326573802465e-01
-6.930693069306936849e-02
1.714901789672157104e-02
2.079207920792078834e-01
5.144705369016471658e-02
-1.287128712871287162e-01
-2.229372326573802465e-01
1.584158415841583345e-01
0.000000000000000000e+00
4.950495049504954892e-02
1.714901789672157104e-02
-1.980198019801981957e-02
-3.429803579344314207e-02
6.930693069306936849e-02
-1.714901789672157104e-02
5.940594059405956973e-02
2.057882147606586720e-01
9.900990099009898682e-02
1.714901789672155230e-01
1.188118811881186954e-01
-1.371921431737725683e-01
8.910891089108918806e-02
-1.714901789672157104e-02
-9.900990099009909784e-03
-1.714901789672157104e-02
1.089108910891090076e-01
1.200431252770510077e-01
-1.980198019801981957e-02
1.028941073803294332e-01
-1.287128712871287162e-01
1.886391968639370975e-01
4.950495049504965994e-02
1.886391968639370975e-01
7.920792079207916725e-02
-1.371921431737723740e-01
-3.960396039603963914e-02
-1.028941073803294332e-01
4.950495049504954892e-02
1.714901789672157104e-02
3.762376237623763497e-01
-1.371921431737723740e-01
-1.980198019801981957e-02
1.371921431737725683e-01
-5.940594059405945870e-02
-3.429803579344314207e-02
3.960396039603963914e-02
-6.859607158688628414e-02
-2.772277227722771409e-01
-1.371921431737723740e-01
-1.188118811881189174e-01
6.859607158688628414e-02
9.900990099009909784e-03
-1.714901789672157104e-02
5.940594059405945870e-02
-1.371921431737725683e-01
1.110223024625156540e-16
1.028941073803292389e-01
1.584158415841585565e-01
3.429803579344314207e-02
-2.970297029702984037e-02
8.574508948360766436e-02
1.089108910891090076e-01
-1.200431252770510077e-01
-6.930693069306936849e-02
5.144705369016471658e-02
-1.980198019801981957e-02
1.028941073803294332e-01
2.277227722772277030e-01
-1.714901789672157104e-02
-9.900990099009909784e-03
1.714901789672157104e-02
1.110223024625156540e-16
2.400862505541018210e-01
2.277227722772277030e-01
1.714901789672157104e-02
-7.920792079207927827e-02
-3.429803579344314207e-02
-3.960396039603963914e-02
-6.859607158688628414e-02
9.900990099009909784e-03
1.714901789672157104e-02
-1.089108910891090076e-01
1.714901789672157104e-02
2.178217821782177932e-01
0.000000000000000000e+00
-1.584158415841585565e-01
3.429803579344314207e-02
1.980198019801981957e-02
3.429803579344314207e-02
6.930693069306936849e-02
-2.572352684508231735e-01
-1.386138613861386260e-01
-2.057882147606586720e-01
-2.970297029702961833e-02
-5.144705369016452229e-02
4.950495049504954892e-02
-1.714901789672157104e-02
-1.485148514851485357e-01
8.574508948360766436e-02
1.584158415841583345e-01
-6.859607158688628414e-02
6.930693069306947951e-02
1.886391968639370975e-01
1.584158415841583345e-01
6.859607158688628414e-02
4.950495049504954892e-02
1.543411610704941428e-01
1.386138613861385149e-01
1.371921431737725683e-01
5.940594059405934768e-02
-6.859607158688608985e-02
1.188118811881186954e-01
1.371921431737725683e-01
-9.900990099009909784e-03
1.714901789672157104e-02
9.900990099010020806e-03
-1.200431252770508134e-01
-9.900990099009909784e-02
-1.028941073803294332e-01
-3.960396039603963914e-02
1.028941073803294332e-01
-1.683168316831684663e-01
-1.200431252770510077e-01
-1.287128712871288272e-01
1.714901789672157104e-02
-9.900990099009909784e-03
1.714901789672157104e-02
1.980198019801981957e-02
0.000000000000000000e+00
2.079207920792078834e-01
-1.714901789672157104e-02
-7.920792079207927827e-02
0.000000000000000000e+00
0.000000000000000000e+00
0.000000000000000000e+00
-3.960396039603963914e-02
1.028941073803294332e-01
2.970297029702961833e-02
-5.144705369016452229e-02
-2.079207920792079944e-01
-1.543411610704939485e-01
-2.970297029702961833e-02
1.886391968639370975e-01
-7.920792079207927827e-02
1.028941073803294332e-01
0.000000000000000000e+00
-3.429803579344314207e-02
8.910891089108918806e-02
1.714901789672157104e-02
-1.188118811881188064e-01
2.057882147606586720e-01
2.970297029702984037e-02
-2.229372326573802465e-01
2.475247524752475226e-01
-1.714901789672157104e-02
1.980198019801981957e-02
0.000000000000000000e+00
-4.950495049504943790e-02
-1.200431252770508134e-01
9.900990099009909784e-03
5.144705369016471658e-02
-3.960396039603963914e-02
0.000000000000000000e+00
-1.386138613861386260e-01
-1.714901789672155230e-01
-8.910891089108907703e-02
5.144705369016452229e-02
1.089108910891087856e-01
8.574508948360785865e-02
0.000000000000000000e+00
0.000000000000000000e+00
1.386138613861385149e-01
0.000000000000000000e+00
4.950495049504954892e-02
5.144705369016471658e-02
5.940594059405934768e-02
-1.371921431737723740e-01
1.188118811881186954e-01
-1.028941073803294332e-01
-1.782178217821781541e-01
0.000000000000000000e+00
-3.960396039603963914e-02
-1.028941073803294332e-01
2.970297029702984037e-02
-1.886391968639370975e-01
2.970297029702972935e-02
-1.714901789672157104e-02
-2.871287128712871617e-01
1.714901789672157104e-02
-5.940594059405934768e-02
-1.371921431737723740e-01
1.287128712871288272e-01
1.714901789672157104e-02
-8.910891089108896601e-02
1.200431252770510077e-01
-9.900990099009909784e-03
-1.714901789672157104e-02
4.950495049504932688e-02
5.144705369016471658e-02
-1.980198019801981957e-02
0.000000000000000000e+00
-7.920792079207916725e-02
-2.057882147606586720e-01
1.980198019801981957e-02
-3.429803579344314207e-02
-2.970297029702972935e-02
1.714901789672157104e-02
3.960396039603975016e-02
-1.371921431737723740e-01
-1.386138613861387370e-01
3.429803579344314207e-02
-7.920792079207927827e-02
3.429803579344314207e-02
0.000000000000000000e+00
-6.859607158688628414e-02
-4.950495049504954892e-02
1.714901789672157104e-02
-2.970297029702972935e-02
8.574508948360785865e-02
-9.900990099009909784e-03
-5.144705369016471658e-02
-2.970297029702972935e-02
8.574508948360785865e-02
8.910891089108907703e-02
-2.229372326573802465e-01
-1.188118811881188064e-01
-1.714901789672155230e-01
-1.782178217821782651e-01
-3.429803579344294778e-02
-1.881188118811880639e-01
-1.714901789672157104e-02
-1.980198019801981957e-02
3.429803579344314207e-02
9.900990099009909784e-03
-1.714901789672157104e-02
1.188118811881186954e-01
1.028941073803294332e-01
9.900990099009898682e-02
-1.714901789672155230e-01
2.970297029702972935e-02
-8.574508948360785865e-02
-8.910891089108896601e-02
1.714901789672157104e-02
1.881188118811880639e-01
-8.574508948360785865e-02
1.584158415841585565e-01
0.000000000000000000e+00
9.900990099009909784e-02
-1.028941073803294332e-01
-8.910891089108896601e-02
1.714901789672157104e-02
3.960396039603975016e-02
1.371921431737723740e-01
-1.584158415841583345e-01
0.000000000000000000e+00
-9.900990099009909784e-03
-5.144705369016471658e-02
-7.920792079207916725e-02
-1.371921431737723740e-01
1.089108910891088966e-01
-1.886391968639370975e-01
1.188118811881189174e-01
-1.028941073803294332e-01
6.930693069306925747e-02
1.543411610704939485e-01
-1.881188118811880639e-01
1.714901789672157104e-02
-3.960396039603963914e-02
-3.429803579344314207e-02
7.920792079207916725e-02
1.714901789672155230e-01
1.188118811881188064e-01
-2.057882147606586720e-01
-1.089108910891091186e-01
2.229372326573802465e-01
6.930693069306936849e-02
-1.543411610704941428e-01
-2.673267326732673421e-01
-1.714901789672157104e-02
-9.900990099009909784e-03
-5.144705369016471658e-02
-3.960396039603963914e-02
-6.859607158688628414e-02
9.900990099009909784e-03
5.144705369016471658e-02
0.000000000000000000e+00
0.000000000000000000e+00
-9.900990099009909784e-02
-1.028941073803294332e-01
9.900990099009898682e-02
1.371921431737723740e-01
-9.900990099009909784e-03
-1.714901789672157104e-02
2.970297029702972935e-02
-8.574508948360785865e-02
-6.930693069306936849e-02
5.144705369016471658e-02
-1.980198019801981957e-02
0.000000000000000000e+00
-9.900990099009909784e-02
1.028941073803294332e-01
-5.940594059405945870e-02
3.429803579344314207e-02
-8.910891089108907703e-02
-1.886391968639370975e-01
-5.940594059405923666e-02
0.000000000000000000e+00
1.188118811881186954e-01
1.371921431737725683e-01
2.178217821782177932e-01
-3.429803579344314207e-02
-7.920792079207905623e-02
0.000000000000000000e+00
9.900990099009909784e-03
-1.714901789672157104e-02
2.079207920792081055e-01
1.714901789672157104e-02
6.930693069306936849e-02
1.714901789672157104e-02
6.930693069306936849e-02
-1.714901789672157104e-02
-1.485148514851485357e-01
-1.886391968639370975e-01
-5.940594059405923666e-02
0.000000000000000000e+00
1.110223024625156540e-16
1.371921431737723740e-01
-3.960396039603963914e-02
-6.859607158688628414e-02
-6.930693069306936849e-02
1.714901789672157104e-02
-1.980198019801970855e-02
-2.057882147606586720e-01
1.089108910891090076e-01
1.714901789672157104e-02
1.881188118811880639e-01
1.200431252770510077e-01
2.970297029702961833e-02
1.714901789672138022e-02
-1.782178217821782651e-01
1.714901789672155230e-01
-4.950495049504943790e-02
1.886391968639370975e-01
3.960396039603963914e-02
-3.429803579344314207e-02
-2.970297029702972935e-02
1.714901789672157104e-02
1.485148514851485357e-01
-2.572352684508233955e-01
