1.056124668000000000e+09
1.062459001000000000e+09
4.345689100000000000e+07
1.062315803000000000e+09
4.883808000000000000e+06
1.062406244000000000e+09
-1.616979410000000000e+09
1.062432622000000000e+09
1.601031638000000000e+09
1.062440159000000000e+09
1.613889332000000000e+09
1.062410012000000000e+09
1.043266973000000000e+09
1.062489148000000000e+09
5.883638630000000000e+08
1.062296961000000000e+09
2.145938609000000000e+09
1.062421317000000000e+09
6.140792510000000000e+08
1.062236667000000000e+09
1.613889332000000000e+09
1.062410012000000000e+09
1.626747027000000000e+09
1.062379865000000000e+09
-1.591264021000000000e+09
1.062372328000000000e+09
1.601031638000000000e+09
1.062440159000000000e+09
-2.083158000000000000e+07
1.062466537000000000e+09
3.059919700000000000e+07
1.062345950000000000e+09
-3.368927500000000000e+07
1.062496684000000000e+09
-3.368927500000000000e+07
1.062496684000000000e+09
4.883808000000000000e+06
1.062406244000000000e+09
-1.072072439000000000e+09
1.062413780000000000e+09
4.345689100000000000e+07
1.062315803000000000e+09
5.497907800000000000e+08
1.062387402000000000e+09
5.369330850000000000e+08
1.062417549000000000e+09
1.107555445000000000e+09
1.062338413000000000e+09
5.626484740000000000e+08
1.062357255000000000e+09
1.588173944000000000e+09
1.062470306000000000e+09
-1.526975549000000000e+09
1.062221593000000000e+09
-5.271654680000000000e+08
1.062394938000000000e+09
-1.899848685000000000e+09
1.062047280000000000e+09
-1.059214744000000000e+09
1.062383633000000000e+09
1.691035499000000000e+09
1.062229130000000000e+09
1.678177804000000000e+09
1.062259277000000000e+09
1.133270834000000000e+09
1.062278119000000000e+09
1.107555445000000000e+09
1.062338413000000000e+09
4.345689100000000000e+07
1.062315803000000000e+09
-1.007783967000000000e+09
1.062263045000000000e+09
1.279589280000000000e+09
1.062145258000000000e+09
-4.628769970000000000e+08
1.062244203000000000e+09
1.120413139000000000e+09
1.062308266000000000e+09
-4.757346910000000000e+08
1.062274350000000000e+09
-1.020641661000000000e+09
1.062293192000000000e+09
5.631458600000000000e+07
1.062285656000000000e+09
1.678177804000000000e+09
1.062259277000000000e+09
-2.123313298000000000e+09
1.062361023000000000e+09
-1.046357050000000000e+09
1.062353486000000000e+09
-2.071882521000000000e+09
1.062240435000000000e+09
-1.552690938000000000e+09
1.062281887000000000e+09
-1.899848685000000000e+09
1.062047280000000000e+09
-1.020641661000000000e+09
1.062293192000000000e+09
1.691035499000000000e+09
1.062229130000000000e+09
1.691035499000000000e+09
1.062229130000000000e+09
3.059919700000000000e+07
1.062345950000000000e+09
6.012215570000000000e+08
1.062266814000000000e+09
1.253873891000000000e+09
1.062205552000000000e+09
-4.885923850000000000e+08
1.062304497000000000e+09
-8.357501330000000000e+08
1.062069890000000000e+09
-2.071882521000000000e+09
1.062240435000000000e+09
1.343877752000000000e+09
1.061994523000000000e+09
6.140792510000000000e+08
1.062236667000000000e+09
1.665320110000000000e+09
1.062289424000000000e+09
1.158986223000000000e+09
1.062217825000000000e+09
-1.007783967000000000e+09
1.062263045000000000e+09
1.120413139000000000e+09
1.062308266000000000e+09
-8.871809100000000000e+08
1.062190478000000000e+09
-2.084740215000000000e+09
1.062270582000000000e+09
1.774150300000000000e+07
1.062376097000000000e+09
5.631458600000000000e+07
1.062285656000000000e+09
-1.007783967000000000e+09
1.062263045000000000e+09
-2.084740215000000000e+09
1.062270582000000000e+09
-4.628769970000000000e+08
1.062244203000000000e+09
1.639604721000000000e+09
1.062349718000000000e+09
-1.033499356000000000e+09
1.062323339000000000e+09
5.883638630000000000e+08
1.062296961000000000e+09
-1.578406327000000000e+09
1.062342181000000000e+09
1.305304669000000000e+09
1.062084964000000000e+09
5.626484740000000000e+08
1.062357255000000000e+09
1.305304669000000000e+09
1.062084964000000000e+09
1.158986223000000000e+09
1.062217825000000000e+09
-1.964137157000000000e+09
1.062198015000000000e+09
-1.616979410000000000e+09
1.062432622000000000e+09
-1.938421768000000000e+09
1.062137721000000000e+09
1.691035499000000000e+09
1.062229130000000000e+09
-4.500193020000000000e+08
1.062214056000000000e+09
1.146128528000000000e+09
1.062247972000000000e+09
-1.925564074000000000e+09
1.062107574000000000e+09
-1.951279462000000000e+09
1.062167868000000000e+09
-2.097597909000000000e+09
1.062300729000000000e+09
1.133270834000000000e+09
1.062278119000000000e+09
1.691035499000000000e+09
1.062229130000000000e+09
5.631458600000000000e+07
1.062285656000000000e+09
-4.757346910000000000e+08
1.062274350000000000e+09
-4.628769970000000000e+08
1.062244203000000000e+09
4.345689100000000000e+07
1.062315803000000000e+09
-1.552690938000000000e+09
1.062281887000000000e+09
-1.007783967000000000e+09
1.062263045000000000e+09
1.897753380000000000e+08
1.062182942000000000e+09
-1.552690938000000000e+09
1.062281887000000000e+09
1.652462415000000000e+09
1.062319571000000000e+09
6.917228000000000000e+07
1.062255509000000000e+09
4.345689100000000000e+07
1.062315803000000000e+09
-1.565548633000000000e+09
1.062312034000000000e+09
-8.100347440000000000e+08
1.062009596000000000e+09
-2.123313298000000000e+09
1.062361023000000000e+09
2.797791980000000000e+08
1.061971913000000000e+09
1.678177804000000000e+09
1.062259277000000000e+09
1.146128528000000000e+09
1.062247972000000000e+09
-2.059024826000000000e+09
1.062210288000000000e+09
1.678177804000000000e+09
1.062259277000000000e+09
-2.097597909000000000e+09
1.062300729000000000e+09
6.012215570000000000e+08
1.062266814000000000e+09
-4.757346910000000000e+08
1.062274350000000000e+09
2.283484210000000000e+08
1.062092501000000000e+09
1.133270834000000000e+09
1.062278119000000000e+09
5.631458600000000000e+07
1.062285656000000000e+09
1.678177804000000000e+09
1.062259277000000000e+09
1.146128528000000000e+09
1.062247972000000000e+09
-1.046357050000000000e+09
1.062353486000000000e+09
-2.084740215000000000e+09
1.062270582000000000e+09
1.652462415000000000e+09
1.062319571000000000e+09
1.107555445000000000e+09
1.062338413000000000e+09
1.253873891000000000e+09
1.062205552000000000e+09
4.345689100000000000e+07
1.062315803000000000e+09
-1.874133296000000000e+09
1.061986986000000000e+09
-1.578406327000000000e+09
1.062342181000000000e+09
-4.885923850000000000e+08
1.062304497000000000e+09
2.412061150000000000e+08
1.062062354000000000e+09
5.626484740000000000e+08
1.062357255000000000e+09
4.345689100000000000e+07
1.062315803000000000e+09
1.266731586000000000e+09
1.062175405000000000e+09
-5.271654680000000000e+08
1.062394938000000000e+09
-8.357501330000000000e+08
1.062069890000000000e+09
-2.059024826000000000e+09
1.062210288000000000e+09
-5.014500800000000000e+08
1.062334644000000000e+09
5.755061680000000000e+08
1.062327108000000000e+09
3.054945870000000000e+08
1.061911619000000000e+09
-2.059024826000000000e+09
1.062210288000000000e+09
1.678177804000000000e+09
1.062259277000000000e+09
-8.871809100000000000e+08
1.062190478000000000e+09
2.926368930000000000e+08
1.061941766000000000e+09
-2.059024826000000000e+09
1.062210288000000000e+09
2.120223221000000000e+09
1.062481611000000000e+09
1.253873891000000000e+09
1.062205552000000000e+09
-1.539833244000000000e+09
1.062251740000000000e+09
-1.591264021000000000e+09
1.062372328000000000e+09
1.665320110000000000e+09
1.062289424000000000e+09
-1.020641661000000000e+09
1.062293192000000000e+09
-1.046357050000000000e+09
1.062353486000000000e+09
-2.059024826000000000e+09
1.062210288000000000e+09
-1.565548633000000000e+09
1.062312034000000000e+09
1.279589280000000000e+09
1.062145258000000000e+09
-4.628769970000000000e+08
1.062244203000000000e+09
-1.526975549000000000e+09
1.062221593000000000e+09
1.678177804000000000e+09
1.062259277000000000e+09
5.883638630000000000e+08
1.062296961000000000e+09
6.012215570000000000e+08
1.062266814000000000e+09
-1.539833244000000000e+09
1.062251740000000000e+09
1.639604721000000000e+09
1.062349718000000000e+09
2.540638100000000000e+08
1.062032207000000000e+09
-2.097597909000000000e+09
1.062300729000000000e+09
2.412061150000000000e+08
1.062062354000000000e+09
6.012215570000000000e+08
1.062266814000000000e+09
-1.007783967000000000e+09
1.062263045000000000e+09
1.158986223000000000e+09
1.062217825000000000e+09
6.012215570000000000e+08
1.062266814000000000e+09
-4.885923850000000000e+08
1.062304497000000000e+09
1.897753380000000000e+08
1.062182942000000000e+09
-1.020641661000000000e+09
1.062293192000000000e+09
-5.014500800000000000e+08
1.062334644000000000e+09
-2.097597909000000000e+09
1.062300729000000000e+09
-1.539833244000000000e+09
1.062251740000000000e+09
-4.885923850000000000e+08
1.062304497000000000e+09
-1.552690938000000000e+09
1.062281887000000000e+09
5.631458600000000000e+07
1.062285656000000000e+09
-2.084740215000000000e+09
1.062270582000000000e+09
6.917228000000000000e+07
1.062255509000000000e+09
5.755061680000000000e+08
1.062327108000000000e+09
-8.228924380000000000e+08
1.062039743000000000e+09
4.345689100000000000e+07
1.062315803000000000e+09
-8.486078270000000000e+08
1.062100037000000000e+09
-4.757346910000000000e+08
1.062274350000000000e+09
5.626484740000000000e+08
1.062357255000000000e+09
1.678177804000000000e+09
1.062259277000000000e+09
-1.552690938000000000e+09
1.062281887000000000e+09
-5.271654680000000000e+08
1.062394938000000000e+09
1.343877752000000000e+09
1.061994523000000000e+09
-2.084740215000000000e+09
1.062270582000000000e+09
-8.871809100000000000e+08
1.062190478000000000e+09
-1.848417907000000000e+09
1.061926692000000000e+09
1.613889332000000000e+09
1.062410012000000000e+09
1.253873891000000000e+09
1.062205552000000000e+09
-4.500193020000000000e+08
1.062214056000000000e+09
-2.123313298000000000e+09
1.062361023000000000e+09
-8.357501330000000000e+08
1.062069890000000000e+09
5.497907800000000000e+08
1.062387402000000000e+09
1.133270834000000000e+09
1.062278119000000000e+09
1.691035499000000000e+09
1.062229130000000000e+09
-1.033499356000000000e+09
1.062323339000000000e+09
1.158986223000000000e+09
1.062217825000000000e+09
1.678177804000000000e+09
1.062259277000000000e+09
5.631458600000000000e+07
1.062285656000000000e+09
1.652462415000000000e+09
1.062319571000000000e+09
-1.020641661000000000e+09
1.062293192000000000e+09
1.081840056000000000e+09
1.062398707000000000e+09
-8.357501330000000000e+08
1.062069890000000000e+09
1.652462415000000000e+09
1.062319571000000000e+09
-1.886990991000000000e+09
1.062017133000000000e+09
1.133270834000000000e+09
1.062278119000000000e+09
2.412061150000000000e+08
1.062062354000000000e+09
-4.500193020000000000e+08
1.062214056000000000e+09
-4.628769970000000000e+08
1.062244203000000000e+09
1.146128528000000000e+09
1.062247972000000000e+09
-2.071882521000000000e+09
1.062240435000000000e+09
-2.059024826000000000e+09
1.062210288000000000e+09
1.318162363000000000e+09
1.062054817000000000e+09
-1.539833244000000000e+09
1.062251740000000000e+09
-2.084740215000000000e+09
1.062270582000000000e+09
6.012215570000000000e+08
1.062266814000000000e+09
1.665320110000000000e+09
1.062289424000000000e+09
-1.565548633000000000e+09
1.062312034000000000e+09
-2.097597909000000000e+09
1.062300729000000000e+09
5.631458600000000000e+07
1.062285656000000000e+09
5.626484740000000000e+08
1.062357255000000000e+09
-2.071882521000000000e+09
1.062240435000000000e+09
-1.007783967000000000e+09
1.062263045000000000e+09
1.343877752000000000e+09
1.061994523000000000e+09
-2.084740215000000000e+09
1.062270582000000000e+09
1.158986223000000000e+09
1.062217825000000000e+09
1.146128528000000000e+09
1.062247972000000000e+09
1.652462415000000000e+09
1.062319571000000000e+09
-4.885923850000000000e+08
1.062304497000000000e+09
1.266731586000000000e+09
1.062175405000000000e+09
-5.014500800000000000e+08
1.062334644000000000e+09
-1.912706379000000000e+09
1.062077427000000000e+09
-1.539833244000000000e+09
1.062251740000000000e+09
2.797791980000000000e+08
1.061971913000000000e+09
6.012215570000000000e+08
1.062266814000000000e+09
1.133270834000000000e+09
1.062278119000000000e+09
-9.949262730000000000e+08
1.062232898000000000e+09
6.140792510000000000e+08
1.062236667000000000e+09
-4.757346910000000000e+08
1.062274350000000000e+09
2.797791980000000000e+08
1.061971913000000000e+09
4.345689100000000000e+07
1.062315803000000000e+09
1.133270834000000000e+09
1.062278119000000000e+09
6.140792510000000000e+08
1.062236667000000000e+09
-5.143077740000000000e+08
1.062364791000000000e+09
-1.539833244000000000e+09
1.062251740000000000e+09
-1.565548633000000000e+09
1.062312034000000000e+09
-1.033499356000000000e+09
1.062323339000000000e+09
1.120413139000000000e+09
1.062308266000000000e+09
1.120413139000000000e+09
1.062308266000000000e+09
5.883638630000000000e+08
1.062296961000000000e+09
2.412061150000000000e+08
1.062062354000000000e+09
-1.020641661000000000e+09
1.062293192000000000e+09
-8.743232160000000000e+08
1.062160331000000000e+09
8.202997500000000000e+07
1.062225362000000000e+09
5.497907800000000000e+08
1.062387402000000000e+09
1.146128528000000000e+09
1.062247972000000000e+09
-1.951279462000000000e+09
1.062167868000000000e+09
6.917228000000000000e+07
1.062255509000000000e+09
-1.874133296000000000e+09
1.061986986000000000e+09
1.120413139000000000e+09
1.062308266000000000e+09
1.356735446000000000e+09
1.061964376000000000e+09
-1.007783967000000000e+09
1.062263045000000000e+09
5.631458600000000000e+07
1.062285656000000000e+09
-4.500193020000000000e+08
1.062214056000000000e+09
5.883638630000000000e+08
1.062296961000000000e+09
-4.757346910000000000e+08
1.062274350000000000e+09
-1.539833244000000000e+09
1.062251740000000000e+09
1.146128528000000000e+09
1.062247972000000000e+09
-1.033499356000000000e+09
1.062323339000000000e+09
1.146128528000000000e+09
1.062247972000000000e+09
6.012215570000000000e+08
1.062266814000000000e+09
-4.628769970000000000e+08
1.062244203000000000e+09
-1.007783967000000000e+09
1.062263045000000000e+09
1.094697751000000000e+09
1.062368560000000000e+09
1.665320110000000000e+09
1.062289424000000000e+09
5.883638630000000000e+08
1.062296961000000000e+09
-5.014500800000000000e+08
1.062334644000000000e+09
-1.912706379000000000e+09
1.062077427000000000e+09
-2.110455604000000000e+09
1.062330876000000000e+09
-7.843193550000000000e+08
1.061949302000000000e+09
-1.539833244000000000e+09
1.062251740000000000e+09
-1.539833244000000000e+09
1.062251740000000000e+09
-4.628769970000000000e+08
1.062244203000000000e+09
1.665320110000000000e+09
1.062289424000000000e+09
-1.033499356000000000e+09
1.062323339000000000e+09
-8.357501330000000000e+08
1.062069890000000000e+09
6.917228000000000000e+07
1.062255509000000000e+09
-1.925564074000000000e+09
1.062107574000000000e+09
-1.020641661000000000e+09
1.062293192000000000e+09
1.665320110000000000e+09
1.062289424000000000e+09
-4.628769970000000000e+08
1.062244203000000000e+09
-9.949262730000000000e+08
1.062232898000000000e+09
-1.046357050000000000e+09
1.062353486000000000e+09
-4.628769970000000000e+08
1.062244203000000000e+09
-1.007783967000000000e+09
1.062263045000000000e+09
1.626747027000000000e+09
1.062379865000000000e+09
1.146128528000000000e+09
1.062247972000000000e+09
5.497907800000000000e+08
1.062387402000000000e+09
-8.228924380000000000e+08
1.062039743000000000e+09
6.140792510000000000e+08
1.062236667000000000e+09
5.497907800000000000e+08
1.062387402000000000e+09
1.253873891000000000e+09
1.062205552000000000e+09
1.133270834000000000e+09
1.062278119000000000e+09
-1.046357050000000000e+09
1.062353486000000000e+09
-8.228924380000000000e+08
1.062039743000000000e+09
1.107555445000000000e+09
1.062338413000000000e+09
-1.874133296000000000e+09
1.061986986000000000e+09
1.133270834000000000e+09
1.062278119000000000e+09
6.917228000000000000e+07
1.062255509000000000e+09
-4.628769970000000000e+08
1.062244203000000000e+09
5.631458600000000000e+07
1.062285656000000000e+09
3.059919700000000000e+07
1.062345950000000000e+09
-8.743232160000000000e+08
1.062160331000000000e+09
1.158986223000000000e+09
1.062217825000000000e+09
-1.912706379000000000e+09
1.062077427000000000e+09
6.012215570000000000e+08
1.062266814000000000e+09
5.631458600000000000e+07
1.062285656000000000e+09
-1.539833244000000000e+09
1.062251740000000000e+09
1.665320110000000000e+09
1.062289424000000000e+09
-2.110455604000000000e+09
1.062330876000000000e+09
-1.007783967000000000e+09
1.062263045000000000e+09
6.012215570000000000e+08
1.062266814000000000e+09
-1.578406327000000000e+09
1.062342181000000000e+09
-4.885923850000000000e+08
1.062304497000000000e+09
5.755061680000000000e+08
1.062327108000000000e+09
-8.614655220000000000e+08
1.062130184000000000e+09
1.120413139000000000e+09
1.062308266000000000e+09
-1.565548633000000000e+09
1.062312034000000000e+09
-9.949262730000000000e+08
1.062232898000000000e+09
5.883638630000000000e+08
1.062296961000000000e+09
-5.014500800000000000e+08
1.062334644000000000e+09
-8.486078270000000000e+08
1.062100037000000000e+09
1.626747027000000000e+09
1.062379865000000000e+09
2.283484210000000000e+08
1.062092501000000000e+09
6.012215570000000000e+08
1.062266814000000000e+09
1.158986223000000000e+09
1.062217825000000000e+09
1.691035499000000000e+09
1.062229130000000000e+09
-1.565548633000000000e+09
1.062312034000000000e+09
-1.526975549000000000e+09
1.062221593000000000e+09
-4.757346910000000000e+08
1.062274350000000000e+09
-4.628769970000000000e+08
1.062244203000000000e+09
2.154907260000000000e+08
1.062122648000000000e+09
5.755061680000000000e+08
1.062327108000000000e+09
3.059919700000000000e+07
1.062345950000000000e+09
-2.071882521000000000e+09
1.062240435000000000e+09
5.631458600000000000e+07
1.062285656000000000e+09
-1.033499356000000000e+09
1.062323339000000000e+09
1.678177804000000000e+09
1.062259277000000000e+09
5.755061680000000000e+08
1.062327108000000000e+09
5.626484740000000000e+08
1.062357255000000000e+09
1.146128528000000000e+09
1.062247972000000000e+09
1.774150300000000000e+07
1.062376097000000000e+09
-7.586039670000000000e+08
1.061889008000000000e+09
-2.136170992000000000e+09
1.062391170000000000e+09
-2.071882521000000000e+09
1.062240435000000000e+09
-2.059024826000000000e+09
1.062210288000000000e+09
-4.885923850000000000e+08
1.062304497000000000e+09
-2.097597909000000000e+09
1.062300729000000000e+09
6.012215570000000000e+08
1.062266814000000000e+09
1.081840056000000000e+09
1.062398707000000000e+09
-1.925564074000000000e+09
1.062107574000000000e+09
-1.539833244000000000e+09
1.062251740000000000e+09
1.305304669000000000e+09
1.062084964000000000e+09
-4.628769970000000000e+08
1.062244203000000000e+09
-1.020641661000000000e+09
1.062293192000000000e+09
-4.500193020000000000e+08
1.062214056000000000e+09
5.631458600000000000e+07
1.062285656000000000e+09
-2.097597909000000000e+09
1.062300729000000000e+09
-8.871809100000000000e+08
1.062190478000000000e+09
-1.007783967000000000e+09
1.062263045000000000e+09
-1.046357050000000000e+09
1.062353486000000000e+09
-1.552690938000000000e+09
1.062281887000000000e+09
1.120413139000000000e+09
1.062308266000000000e+09
-2.084740215000000000e+09
1.062270582000000000e+09
6.012215570000000000e+08
1.062266814000000000e+09
3.059919700000000000e+07
1.062345950000000000e+09
5.626484740000000000e+08
1.062357255000000000e+09
-4.628769970000000000e+08
1.062244203000000000e+09
-2.123313298000000000e+09
1.062361023000000000e+09
-1.899848685000000000e+09
1.062047280000000000e+09
6.917228000000000000e+07
1.062255509000000000e+09
-8.871809100000000000e+08
1.062190478000000000e+09
1.146128528000000000e+09
1.062247972000000000e+09
-1.020641661000000000e+09
1.062293192000000000e+09
-8.486078270000000000e+08
1.062100037000000000e+09
5.755061680000000000e+08
1.062327108000000000e+09
-5.014500800000000000e+08
1.062334644000000000e+09
2.026330320000000000e+08
1.062152795000000000e+09
-1.539833244000000000e+09
1.062251740000000000e+09
-1.912706379000000000e+09
1.062077427000000000e+09
-1.526975549000000000e+09
1.062221593000000000e+09
5.755061680000000000e+08
1.062327108000000000e+09
-1.526975549000000000e+09
1.062221593000000000e+09
6.917228000000000000e+07
1.062255509000000000e+09
3.059919700000000000e+07
1.062345950000000000e+09
1.146128528000000000e+09
1.062247972000000000e+09
-5.143077740000000000e+08
1.062364791000000000e+09
-5.014500800000000000e+08
1.062334644000000000e+09
1.691035499000000000e+09
1.062229130000000000e+09
6.140792510000000000e+08
1.062236667000000000e+09
-1.951279462000000000e+09
1.062167868000000000e+09
-5.014500800000000000e+08
1.062334644000000000e+09
6.917228000000000000e+07
1.062255509000000000e+09
-1.539833244000000000e+09
1.062251740000000000e+09
1.897753380000000000e+08
1.062182942000000000e+09
-5.657385510000000000e+08
1.062485379000000000e+09
-1.886990991000000000e+09
1.062017133000000000e+09
-1.033499356000000000e+09
1.062323339000000000e+09
-8.486078270000000000e+08
1.062100037000000000e+09
-1.526975549000000000e+09
1.062221593000000000e+09
2.026330320000000000e+08
1.062152795000000000e+09
-4.500193020000000000e+08
1.062214056000000000e+09
5.883638630000000000e+08
1.062296961000000000e+09
1.678177804000000000e+09
1.062259277000000000e+09
-1.951279462000000000e+09
1.062167868000000000e+09
-2.071882521000000000e+09
1.062240435000000000e+09
-8.228924380000000000e+08
1.062039743000000000e+09
1.678177804000000000e+09
1.062259277000000000e+09
5.883638630000000000e+08
1.062296961000000000e+09
1.133270834000000000e+09
1.062278119000000000e+09
1.133270834000000000e+09
1.062278119000000000e+09
-4.885923850000000000e+08
1.062304497000000000e+09
1.678177804000000000e+09
1.062259277000000000e+09
-1.552690938000000000e+09
1.062281887000000000e+09
1.626747027000000000e+09
1.062379865000000000e+09
-5.014500800000000000e+08
1.062334644000000000e+09
1.120413139000000000e+09
1.062308266000000000e+09
1.356735446000000000e+09
1.061964376000000000e+09
1.120413139000000000e+09
1.062308266000000000e+09
1.133270834000000000e+09
1.062278119000000000e+09
-4.500193020000000000e+08
1.062214056000000000e+09
5.755061680000000000e+08
1.062327108000000000e+09
-1.591264021000000000e+09
1.062372328000000000e+09
-1.912706379000000000e+09
1.062077427000000000e+09
5.631458600000000000e+07
1.062285656000000000e+09
2.540638100000000000e+08
1.062032207000000000e+09
-4.757346910000000000e+08
1.062274350000000000e+09
-1.007783967000000000e+09
1.062263045000000000e+09
8.202997500000000000e+07
1.062225362000000000e+09
-1.565548633000000000e+09
1.062312034000000000e+09
5.755061680000000000e+08
1.062327108000000000e+09
1.279589280000000000e+09
1.062145258000000000e+09
-2.071882521000000000e+09
1.062240435000000000e+09
2.412061150000000000e+08
1.062062354000000000e+09
5.883638630000000000e+08
1.062296961000000000e+09
6.917228000000000000e+07
1.062255509000000000e+09
-8.871809100000000000e+08
1.062190478000000000e+09
1.120413139000000000e+09
1.062308266000000000e+09
-1.020641661000000000e+09
1.062293192000000000e+09
2.154907260000000000e+08
1.062122648000000000e+09
-2.084740215000000000e+09
1.062270582000000000e+09
-1.020641661000000000e+09
1.062293192000000000e+09
-8.614655220000000000e+08
1.062130184000000000e+09
1.068982362000000000e+09
1.062428854000000000e+09
-1.552690938000000000e+09
1.062281887000000000e+09
1.652462415000000000e+09
1.062319571000000000e+09
1.652462415000000000e+09
1.062319571000000000e+09
-4.628769970000000000e+08
1.062244203000000000e+09
-1.365508290000000000e+08
1.062737860000000000e+09
-8.100347440000000000e+08
1.062009596000000000e+09
-1.925564074000000000e+09
1.062107574000000000e+09
-1.642694799000000000e+09
1.062492916000000000e+09
-7.714616610000000000e+08
1.061919155000000000e+09
-8.871809100000000000e+08
1.062190478000000000e+09
6.917228000000000000e+07
1.062255509000000000e+09
-1.020641661000000000e+09
1.062293192000000000e+09
-4.757346910000000000e+08
1.062274350000000000e+09
1.626747027000000000e+09
1.062379865000000000e+09
1.318162363000000000e+09
1.062054817000000000e+09
5.631458600000000000e+07
1.062285656000000000e+09
2.412061150000000000e+08
1.062062354000000000e+09
6.012215570000000000e+08
1.062266814000000000e+09
-1.020641661000000000e+09
1.062293192000000000e+09
1.253873891000000000e+09
1.062205552000000000e+09
5.883638630000000000e+08
1.062296961000000000e+09
1.120413139000000000e+09
1.062308266000000000e+09
6.012215570000000000e+08
1.062266814000000000e+09
-1.964137157000000000e+09
1.062198015000000000e+09
-5.143077740000000000e+08
1.062364791000000000e+09
8.202997500000000000e+07
1.062225362000000000e+09
-1.033499356000000000e+09
1.062323339000000000e+09
-4.628769970000000000e+08
1.062244203000000000e+09
-1.526975549000000000e+09
1.062221593000000000e+09
-5.014500800000000000e+08
1.062334644000000000e+09
5.755061680000000000e+08
1.062327108000000000e+09
-4.885923850000000000e+08
1.062304497000000000e+09
1.665320110000000000e+09
1.062289424000000000e+09
-1.938421768000000000e+09
1.062137721000000000e+09
-2.110455604000000000e+09
1.062330876000000000e+09
1.343877752000000000e+09
1.061994523000000000e+09
6.012215570000000000e+08
1.062266814000000000e+09
6.917228000000000000e+07
1.062255509000000000e+09
-1.951279462000000000e+09
1.062167868000000000e+09
1.146128528000000000e+09
1.062247972000000000e+09
5.626484740000000000e+08
1.062357255000000000e+09
-1.899848685000000000e+09
1.062047280000000000e+09
5.883638630000000000e+08
1.062296961000000000e+09
1.279589280000000000e+09
1.062145258000000000e+09
4.345689100000000000e+07
1.062315803000000000e+09
1.665320110000000000e+09
1.062289424000000000e+09
5.631458600000000000e+07
1.062285656000000000e+09
1.146128528000000000e+09
1.062247972000000000e+09
-4.757346910000000000e+08
1.062274350000000000e+09
-4.628769970000000000e+08
1.062244203000000000e+09
-1.059214744000000000e+09
1.062383633000000000e+09
-5.014500800000000000e+08
1.062334644000000000e+09
-2.110455604000000000e+09
1.062330876000000000e+09
1.094697751000000000e+09
1.062368560000000000e+09
-1.809844824000000000e+09
1.061836251000000000e+09
6.140792510000000000e+08
1.062236667000000000e+09
-4.500193020000000000e+08
1.062214056000000000e+09
-5.014500800000000000e+08
1.062334644000000000e+09
-6.943154950000000000e+08
1.060689697000000000e+09
-5.785962460000000000e+08
1.061466950000000000e+09
3.697830590000000000e+08
1.062809460000000000e+09
5.755061680000000000e+08
1.062327108000000000e+09
1.318162363000000000e+09
1.062054817000000000e+09
1.639604721000000000e+09
1.062349718000000000e+09
-8.228924380000000000e+08
1.062039743000000000e+09
-1.046357050000000000e+09
1.062353486000000000e+09
2.669215040000000000e+08
1.062002060000000000e+09
-2.071882521000000000e+09
1.062240435000000000e+09
1.146128528000000000e+09
1.062247972000000000e+09
5.883638630000000000e+08
1.062296961000000000e+09
-1.925564074000000000e+09
1.062107574000000000e+09
5.631458600000000000e+07
1.062285656000000000e+09
1.146128528000000000e+09
1.062247972000000000e+09
6.012215570000000000e+08
1.062266814000000000e+09
-2.136170992000000000e+09
1.062391170000000000e+09
-4.500193020000000000e+08
1.062214056000000000e+09
-4.757346910000000000e+08
1.062274350000000000e+09
1.133270834000000000e+09
1.062278119000000000e+09
-4.885923850000000000e+08
1.062304497000000000e+09
-1.964137157000000000e+09
1.062198015000000000e+09
5.497907800000000000e+08
1.062387402000000000e+09
3.054945870000000000e+08
1.061911619000000000e+09
-1.007783967000000000e+09
1.062263045000000000e+09
6.917228000000000000e+07
1.062255509000000000e+09
-2.071882521000000000e+09
1.062240435000000000e+09
5.755061680000000000e+08
1.062327108000000000e+09
-4.885923850000000000e+08
1.062304497000000000e+09
-8.871809100000000000e+08
1.062190478000000000e+09
1.639604721000000000e+09
1.062349718000000000e+09
2.669215040000000000e+08
1.062002060000000000e+09
5.883638630000000000e+08
1.062296961000000000e+09
1.318162363000000000e+09
1.062054817000000000e+09
-9.949262730000000000e+08
1.062232898000000000e+09
-9.949262730000000000e+08
1.062232898000000000e+09
1.158986223000000000e+09
1.062217825000000000e+09
-4.757346910000000000e+08
1.062274350000000000e+09
-1.020641661000000000e+09
1.062293192000000000e+09
1.253873891000000000e+09
1.062205552000000000e+09
1.253873891000000000e+09
1.062205552000000000e+09
1.133270834000000000e+09
1.062278119000000000e+09
1.146128528000000000e+09
1.062247972000000000e+09
5.883638630000000000e+08
1.062296961000000000e+09
6.012215570000000000e+08
1.062266814000000000e+09
-1.007783967000000000e+09
1.062263045000000000e+09
-1.591264021000000000e+09
1.062372328000000000e+09
-2.110455604000000000e+09
1.062330876000000000e+09
5.631458600000000000e+07
1.062285656000000000e+09
1.665320110000000000e+09
1.062289424000000000e+09
-8.357501330000000000e+08
1.062069890000000000e+09
2.669215040000000000e+08
1.062002060000000000e+09
4.345689100000000000e+07
1.062315803000000000e+09
-2.059024826000000000e+09
1.062210288000000000e+09
-1.848417907000000000e+09
1.061926692000000000e+09
-3.368927500000000000e+07
1.062496684000000000e+09
5.883638630000000000e+08
1.062296961000000000e+09
-5.014500800000000000e+08
1.062334644000000000e+09
-1.938421768000000000e+09
1.062137721000000000e+09
2.026330320000000000e+08
1.062152795000000000e+09
1.253873891000000000e+09
1.062205552000000000e+09
-1.925564074000000000e+09
1.062107574000000000e+09
-4.757346910000000000e+08
1.062274350000000000e+09
6.140792510000000000e+08
1.062236667000000000e+09
-2.097597909000000000e+09
1.062300729000000000e+09
-2.084740215000000000e+09
1.062270582000000000e+09
1.158986223000000000e+09
1.062217825000000000e+09
-4.500193020000000000e+08
1.062214056000000000e+09
-1.552690938000000000e+09
1.062281887000000000e+09
5.883638630000000000e+08
1.062296961000000000e+09
-4.757346910000000000e+08
1.062274350000000000e+09
8.202997500000000000e+07
1.062225362000000000e+09
-1.020641661000000000e+09
1.062293192000000000e+09
-5.014500800000000000e+08
1.062334644000000000e+09
5.631458600000000000e+07
1.062285656000000000e+09
1.665320110000000000e+09
1.062289424000000000e+09
1.613889332000000000e+09
1.062410012000000000e+09
-8.357501330000000000e+08
1.062069890000000000e+09
1.107555445000000000e+09
1.062338413000000000e+09
1.395308529000000000e+09
1.061873935000000000e+09
-2.084740215000000000e+09
1.062270582000000000e+09
-4.885923850000000000e+08
1.062304497000000000e+09
6.917228000000000000e+07
1.062255509000000000e+09
6.917228000000000000e+07
1.062255509000000000e+09
1.107555445000000000e+09
1.062338413000000000e+09
-8.357501330000000000e+08
1.062069890000000000e+09
6.140792510000000000e+08
1.062236667000000000e+09
-1.912706379000000000e+09
1.062077427000000000e+09
-2.084740215000000000e+09
1.062270582000000000e+09
-4.628769970000000000e+08
1.062244203000000000e+09
1.146128528000000000e+09
1.062247972000000000e+09
-9.949262730000000000e+08
1.062232898000000000e+09
-1.552690938000000000e+09
1.062281887000000000e+09
-1.899848685000000000e+09
1.062047280000000000e+09
-1.007783967000000000e+09
1.062263045000000000e+09
5.755061680000000000e+08
1.062327108000000000e+09
-1.539833244000000000e+09
1.062251740000000000e+09
1.133270834000000000e+09
1.062278119000000000e+09
1.665320110000000000e+09
1.062289424000000000e+09
1.678177804000000000e+09
1.062259277000000000e+09
-2.110455604000000000e+09
1.062330876000000000e+09
1.107555445000000000e+09
1.062338413000000000e+09
1.678177804000000000e+09
1.062259277000000000e+09
4.345689100000000000e+07
1.062315803000000000e+09
1.305304669000000000e+09
1.062084964000000000e+09
1.120413139000000000e+09
1.062308266000000000e+09
-4.628769970000000000e+08
1.062244203000000000e+09
2.026330320000000000e+08
1.062152795000000000e+09
5.240753910000000000e+08
1.062447696000000000e+09
-2.071882521000000000e+09
1.062240435000000000e+09
2.540638100000000000e+08
1.062032207000000000e+09
1.652462415000000000e+09
1.062319571000000000e+09
-8.614655220000000000e+08
1.062130184000000000e+09
6.917228000000000000e+07
1.062255509000000000e+09
-7.714616610000000000e+08
1.061919155000000000e+09
6.012215570000000000e+08
1.062266814000000000e+09
-2.097597909000000000e+09
1.062300729000000000e+09
-2.071882521000000000e+09
1.062240435000000000e+09
1.678177804000000000e+09
1.062259277000000000e+09
-4.757346910000000000e+08
1.062274350000000000e+09
2.026330320000000000e+08
1.062152795000000000e+09
-2.084740215000000000e+09
1.062270582000000000e+09
5.112176970000000000e+08
1.062477843000000000e+09
1.158986223000000000e+09
1.062217825000000000e+09
-1.007783967000000000e+09
1.062263045000000000e+09
6.012215570000000000e+08
1.062266814000000000e+09
-1.552690938000000000e+09
1.062281887000000000e+09
5.755061680000000000e+08
1.062327108000000000e+09
5.755061680000000000e+08
1.062327108000000000e+09
6.917228000000000000e+07
1.062255509000000000e+09
3.059919700000000000e+07
1.062345950000000000e+09
-1.951279462000000000e+09
1.062167868000000000e+09
4.345689100000000000e+07
1.062315803000000000e+09
-8.228924380000000000e+08
1.062039743000000000e+09
5.883638630000000000e+08
1.062296961000000000e+09
-2.110455604000000000e+09
1.062330876000000000e+09
-1.552690938000000000e+09
1.062281887000000000e+09
-1.007783967000000000e+09
1.062263045000000000e+09
3.059919700000000000e+07
1.062345950000000000e+09
-8.357501330000000000e+08
1.062069890000000000e+09
1.146128528000000000e+09
1.062247972000000000e+09
-8.228924380000000000e+08
1.062039743000000000e+09
-1.020641661000000000e+09
1.062293192000000000e+09
5.631458600000000000e+07
1.062285656000000000e+09
1.691035499000000000e+09
1.062229130000000000e+09
6.917228000000000000e+07
1.062255509000000000e+09
-5.014500800000000000e+08
1.062334644000000000e+09
6.012215570000000000e+08
1.062266814000000000e+09
-1.007783967000000000e+09
1.062263045000000000e+09
5.626484740000000000e+08
1.062357255000000000e+09
-2.084740215000000000e+09
1.062270582000000000e+09
1.639604721000000000e+09
1.062349718000000000e+09
-1.951279462000000000e+09
1.062167868000000000e+09
5.631458600000000000e+07
1.062285656000000000e+09
-5.014500800000000000e+08
1.062334644000000000e+09
-1.578406327000000000e+09
1.062342181000000000e+09
-1.565548633000000000e+09
1.062312034000000000e+09
-2.097597909000000000e+09
1.062300729000000000e+09
2.283484210000000000e+08
1.062092501000000000e+09
-2.084740215000000000e+09
1.062270582000000000e+09
-8.486078270000000000e+08
1.062100037000000000e+09
1.146128528000000000e+09
1.062247972000000000e+09
5.631458600000000000e+07
1.062285656000000000e+09
1.146128528000000000e+09
1.062247972000000000e+09
2.026330320000000000e+08
1.062152795000000000e+09
1.652462415000000000e+09
1.062319571000000000e+09
-1.938421768000000000e+09
1.062137721000000000e+09
1.678177804000000000e+09
1.062259277000000000e+09
1.292446974000000000e+09
1.062115111000000000e+09
1.158986223000000000e+09
1.062217825000000000e+09
1.107555445000000000e+09
1.062338413000000000e+09
-1.020641661000000000e+09
1.062293192000000000e+09
-2.084740215000000000e+09
1.062270582000000000e+09
4.345689100000000000e+07
1.062315803000000000e+09
-2.097597909000000000e+09
1.062300729000000000e+09
1.665320110000000000e+09
1.062289424000000000e+09
-1.604121716000000000e+09
1.062402475000000000e+09
-9.949262730000000000e+08
1.062232898000000000e+09
5.755061680000000000e+08
1.062327108000000000e+09
2.926368930000000000e+08
1.061941766000000000e+09
-1.007783967000000000e+09
1.062263045000000000e+09
1.652462415000000000e+09
1.062319571000000000e+09
6.012215570000000000e+08
1.062266814000000000e+09
-2.123313298000000000e+09
1.062361023000000000e+09
1.107555445000000000e+09
1.062338413000000000e+09
1.279589280000000000e+09
1.062145258000000000e+09
5.626484740000000000e+08
1.062357255000000000e+09
1.318162363000000000e+09
1.062054817000000000e+09
-4.628769970000000000e+08
1.062244203000000000e+09
2.026330320000000000e+08
1.062152795000000000e+09
-9.949262730000000000e+08
1.062232898000000000e+09
-4.757346910000000000e+08
1.062274350000000000e+09
6.012215570000000000e+08
1.062266814000000000e+09
-2.084740215000000000e+09
1.062270582000000000e+09
1.678177804000000000e+09
1.062259277000000000e+09
-8.743232160000000000e+08
1.062160331000000000e+09
-4.628769970000000000e+08
1.062244203000000000e+09
5.631458600000000000e+07
1.062285656000000000e+09
-2.084740215000000000e+09
1.062270582000000000e+09
-1.552690938000000000e+09
1.062281887000000000e+09
3.059919700000000000e+07
1.062345950000000000e+09
-2.084740215000000000e+09
1.062270582000000000e+09
-4.885923850000000000e+08
1.062304497000000000e+09
5.755061680000000000e+08
1.062327108000000000e+09
6.012215570000000000e+08
1.062266814000000000e+09
1.665320110000000000e+09
1.062289424000000000e+09
1.305304669000000000e+09
1.062084964000000000e+09
-1.565548633000000000e+09
1.062312034000000000e+09
1.120413139000000000e+09
1.062308266000000000e+09
6.917228000000000000e+07
1.062255509000000000e+09
-1.565548633000000000e+09
1.062312034000000000e+09
-1.020641661000000000e+09
1.062293192000000000e+09
-8.228924380000000000e+08
1.062039743000000000e+09
1.601031638000000000e+09
1.062440159000000000e+09
2.797791980000000000e+08
1.061971913000000000e+09
1.158986223000000000e+09
1.062217825000000000e+09
-2.071882521000000000e+09
1.062240435000000000e+09
1.158986223000000000e+09
1.062217825000000000e+09
1.691035499000000000e+09
1.062229130000000000e+09
-8.871809100000000000e+08
1.062190478000000000e+09
6.140792510000000000e+08
1.062236667000000000e+09
1.081840056000000000e+09
1.062398707000000000e+09
1.331020058000000000e+09
1.062024670000000000e+09
-1.007783967000000000e+09
1.062263045000000000e+09
-2.110455604000000000e+09
1.062330876000000000e+09
6.012215570000000000e+08
1.062266814000000000e+09
-1.552690938000000000e+09
1.062281887000000000e+09
-1.033499356000000000e+09
1.062323339000000000e+09
-1.007783967000000000e+09
1.062263045000000000e+09
5.631458600000000000e+07
1.062285656000000000e+09
5.755061680000000000e+08
1.062327108000000000e+09
-1.526975549000000000e+09
1.062221593000000000e+09
-4.885923850000000000e+08
1.062304497000000000e+09
2.669215040000000000e+08
1.062002060000000000e+09
5.631458600000000000e+07
1.062285656000000000e+09
1.652462415000000000e+09
1.062319571000000000e+09
1.678177804000000000e+09
1.062259277000000000e+09
-5.014500800000000000e+08
1.062334644000000000e+09
-5.014500800000000000e+08
1.062334644000000000e+09
2.154907260000000000e+08
1.062122648000000000e+09
-1.578406327000000000e+09
1.062342181000000000e+09
-8.486078270000000000e+08
1.062100037000000000e+09
1.146128528000000000e+09
1.062247972000000000e+09
2.026330320000000000e+08
1.062152795000000000e+09
-2.071882521000000000e+09
1.062240435000000000e+09
5.631458600000000000e+07
1.062285656000000000e+09
-2.084740215000000000e+09
1.062270582000000000e+09
1.678177804000000000e+09
1.062259277000000000e+09
1.678177804000000000e+09
1.062259277000000000e+09
1.279589280000000000e+09
1.062145258000000000e+09
-1.552690938000000000e+09
1.062281887000000000e+09
-2.084740215000000000e+09
1.062270582000000000e+09
-2.084740215000000000e+09
1.062270582000000000e+09
1.665320110000000000e+09
1.062289424000000000e+09
1.120413139000000000e+09
1.062308266000000000e+09
1.158986223000000000e+09
1.062217825000000000e+09
6.012215570000000000e+08
1.062266814000000000e+09
-2.097597909000000000e+09
1.062300729000000000e+09
-4.757346910000000000e+08
1.062274350000000000e+09
1.094697751000000000e+09
1.062368560000000000e+09
1.356735446000000000e+09
1.061964376000000000e+09
5.631458600000000000e+07
1.062285656000000000e+09
1.146128528000000000e+09
1.062247972000000000e+09
1.253873891000000000e+09
1.062205552000000000e+09
1.133270834000000000e+09
1.062278119000000000e+09
1.120413139000000000e+09
1.062308266000000000e+09
-9.949262730000000000e+08
1.062232898000000000e+09
-2.110455604000000000e+09
1.062330876000000000e+09
-1.526975549000000000e+09
1.062221593000000000e+09
8.202997500000000000e+07
1.062225362000000000e+09
1.279589280000000000e+09
1.062145258000000000e+09
1.279589280000000000e+09
1.062145258000000000e+09
-1.552690938000000000e+09
1.062281887000000000e+09
5.631458600000000000e+07
1.062285656000000000e+09
1.691035499000000000e+09
1.062229130000000000e+09
5.755061680000000000e+08
1.062327108000000000e+09
2.026330320000000000e+08
1.062152795000000000e+09
-1.526975549000000000e+09
1.062221593000000000e+09
5.626484740000000000e+08
1.062357255000000000e+09
-1.007783967000000000e+09
1.062263045000000000e+09
4.345689100000000000e+07
1.062315803000000000e+09
-1.020641661000000000e+09
1.062293192000000000e+09
-1.565548633000000000e+09
1.062312034000000000e+09
1.639604721000000000e+09
1.062349718000000000e+09
5.755061680000000000e+08
1.062327108000000000e+09
1.678177804000000000e+09
1.062259277000000000e+09
-5.014500800000000000e+08
1.062334644000000000e+09
2.154907260000000000e+08
1.062122648000000000e+09
-1.552690938000000000e+09
1.062281887000000000e+09
1.279589280000000000e+09
1.062145258000000000e+09
1.120413139000000000e+09
1.062308266000000000e+09
-1.020641661000000000e+09
1.062293192000000000e+09
1.678177804000000000e+09
1.062259277000000000e+09
6.012215570000000000e+08
1.062266814000000000e+09
-2.110455604000000000e+09
1.062330876000000000e+09
-8.486078270000000000e+08
1.062100037000000000e+09
1.133270834000000000e+09
1.062278119000000000e+09
1.305304669000000000e+09
1.062084964000000000e+09
-1.007783967000000000e+09
1.062263045000000000e+09
1.120413139000000000e+09
1.062308266000000000e+09
1.146128528000000000e+09
1.062247972000000000e+09
-4.757346910000000000e+08
1.062274350000000000e+09
1.652462415000000000e+09
1.062319571000000000e+09
-2.097597909000000000e+09
1.062300729000000000e+09
1.146128528000000000e+09
1.062247972000000000e+09
4.345689100000000000e+07
1.062315803000000000e+09
1.691035499000000000e+09
1.062229130000000000e+09
6.140792510000000000e+08
1.062236667000000000e+09
1.266731586000000000e+09
1.062175405000000000e+09
1.678177804000000000e+09
1.062259277000000000e+09
-4.757346910000000000e+08
1.062274350000000000e+09
6.012215570000000000e+08
1.062266814000000000e+09
1.774150300000000000e+07
1.062376097000000000e+09
5.755061680000000000e+08
1.062327108000000000e+09
1.318162363000000000e+09
1.062054817000000000e+09
-2.110455604000000000e+09
1.062330876000000000e+09
-8.228924380000000000e+08
1.062039743000000000e+09
-2.084740215000000000e+09
1.062270582000000000e+09
-1.539833244000000000e+09
1.062251740000000000e+09
1.158986223000000000e+09
1.062217825000000000e+09
1.146128528000000000e+09
1.062247972000000000e+09
-5.400231630000000000e+08
1.062425085000000000e+09
-8.614655220000000000e+08
1.062130184000000000e+09
1.691035499000000000e+09
1.062229130000000000e+09
-1.874133296000000000e+09
1.061986986000000000e+09
-8.871809100000000000e+08
1.062190478000000000e+09
1.081840056000000000e+09
1.062398707000000000e+09
3.183522810000000000e+08
1.061881472000000000e+09
-1.578406327000000000e+09
1.062342181000000000e+09
1.601031638000000000e+09
1.062440159000000000e+09
1.691035499000000000e+09
1.062229130000000000e+09
1.774150300000000000e+07
1.062376097000000000e+09
-1.591264021000000000e+09
1.062372328000000000e+09
-2.071882521000000000e+09
1.062240435000000000e+09
3.059919700000000000e+07
1.062345950000000000e+09
-1.899848685000000000e+09
1.062047280000000000e+09
1.133270834000000000e+09
1.062278119000000000e+09
1.691035499000000000e+09
1.062229130000000000e+09
-2.084740215000000000e+09
1.062270582000000000e+09
-1.565548633000000000e+09
1.062312034000000000e+09
-2.084740215000000000e+09
1.062270582000000000e+09
1.691035499000000000e+09
1.062229130000000000e+09
-1.565548633000000000e+09
1.062312034000000000e+09
1.356735446000000000e+09
1.061964376000000000e+09
1.133270834000000000e+09
1.062278119000000000e+09
2.797791980000000000e+08
1.061971913000000000e+09
-1.539833244000000000e+09
1.062251740000000000e+09
-1.020641661000000000e+09
1.062293192000000000e+09
1.158986223000000000e+09
1.062217825000000000e+09
6.012215570000000000e+08
1.062266814000000000e+09
-1.020641661000000000e+09
1.062293192000000000e+09
-1.964137157000000000e+09
1.062198015000000000e+09
-4.628769970000000000e+08
1.062244203000000000e+09
-1.616979410000000000e+09
1.062432622000000000e+09
-2.071882521000000000e+09
1.062240435000000000e+09
1.665320110000000000e+09
1.062289424000000000e+09
-2.071882521000000000e+09
1.062240435000000000e+09
1.678177804000000000e+09
1.062259277000000000e+09
-1.591264021000000000e+09
1.062372328000000000e+09
1.107555445000000000e+09
1.062338413000000000e+09
-2.097597909000000000e+09
1.062300729000000000e+09
1.652462415000000000e+09
1.062319571000000000e+09
-1.912706379000000000e+09
1.062077427000000000e+09
5.755061680000000000e+08
1.062327108000000000e+09
1.356735446000000000e+09
1.061964376000000000e+09
5.883638630000000000e+08
1.062296961000000000e+09
6.917228000000000000e+07
1.062255509000000000e+09
-1.951279462000000000e+09
1.062167868000000000e+09
-1.033499356000000000e+09
1.062323339000000000e+09
-2.097597909000000000e+09
1.062300729000000000e+09
-2.059024826000000000e+09
1.062210288000000000e+09
-1.552690938000000000e+09
1.062281887000000000e+09
2.412061150000000000e+08
1.062062354000000000e+09
1.158986223000000000e+09
1.062217825000000000e+09
1.094697751000000000e+09
1.062368560000000000e+09
1.691035499000000000e+09
1.062229130000000000e+09
2.283484210000000000e+08
1.062092501000000000e+09
-1.642694799000000000e+09
1.062492916000000000e+09
8.202997500000000000e+07
1.062225362000000000e+09
-2.136170992000000000e+09
1.062391170000000000e+09
6.012215570000000000e+08
1.062266814000000000e+09
-1.539833244000000000e+09
1.062251740000000000e+09
-5.785962460000000000e+08
1.062515526000000000e+09
-1.745556353000000000e+09
1.061685516000000000e+09
1.133270834000000000e+09
1.062278119000000000e+09
-1.578406327000000000e+09
1.062342181000000000e+09
1.158986223000000000e+09
1.062217825000000000e+09
4.345689100000000000e+07
1.062315803000000000e+09
4.345689100000000000e+07
1.062315803000000000e+09
-1.912706379000000000e+09
1.062077427000000000e+09
3.059919700000000000e+07
1.062345950000000000e+09
-1.925564074000000000e+09
1.062107574000000000e+09
-2.071882521000000000e+09
1.062240435000000000e+09
-4.500193020000000000e+08
1.062214056000000000e+09
1.691035499000000000e+09
1.062229130000000000e+09
-2.097597909000000000e+09
1.062300729000000000e+09
1.146128528000000000e+09
1.062247972000000000e+09
6.140792510000000000e+08
1.062236667000000000e+09
-4.628769970000000000e+08
1.062244203000000000e+09
-8.486078270000000000e+08
1.062100037000000000e+09
-1.007783967000000000e+09
1.062263045000000000e+09
-5.014500800000000000e+08
1.062334644000000000e+09
-4.757346910000000000e+08
1.062274350000000000e+09
6.917228000000000000e+07
1.062255509000000000e+09
3.059919700000000000e+07
1.062345950000000000e+09
-1.552690938000000000e+09
1.062281887000000000e+09
1.120413139000000000e+09
1.062308266000000000e+09
3.059919700000000000e+07
1.062345950000000000e+09
-2.071882521000000000e+09
1.062240435000000000e+09
-2.110455604000000000e+09
1.062330876000000000e+09
2.669215040000000000e+08
1.062002060000000000e+09
1.678177804000000000e+09
1.062259277000000000e+09
1.133270834000000000e+09
1.062278119000000000e+09
1.691035499000000000e+09
1.062229130000000000e+09
5.755061680000000000e+08
1.062327108000000000e+09
-1.046357050000000000e+09
1.062353486000000000e+09
1.691035499000000000e+09
1.062229130000000000e+09
-2.123313298000000000e+09
1.062361023000000000e+09
-8.614655220000000000e+08
1.062130184000000000e+09
1.146128528000000000e+09
1.062247972000000000e+09
-7.843193550000000000e+08
1.061949302000000000e+09
-2.084740215000000000e+09
1.062270582000000000e+09
5.631458600000000000e+07
1.062285656000000000e+09
6.140792510000000000e+08
1.062236667000000000e+09
4.345689100000000000e+07
1.062315803000000000e+09
-4.885923850000000000e+08
1.062304497000000000e+09
2.412061150000000000e+08
1.062062354000000000e+09
-1.552690938000000000e+09
1.062281887000000000e+09
5.755061680000000000e+08
1.062327108000000000e+09
-2.059024826000000000e+09
1.062210288000000000e+09
1.652462415000000000e+09
1.062319571000000000e+09
3.059919700000000000e+07
1.062345950000000000e+09
1.601031638000000000e+09
1.062440159000000000e+09
-1.539833244000000000e+09
1.062251740000000000e+09
4.345689100000000000e+07
1.062315803000000000e+09
2.120223221000000000e+09
1.062481611000000000e+09
-2.084740215000000000e+09
1.062270582000000000e+09
3.054945870000000000e+08
1.061911619000000000e+09
-2.097597909000000000e+09
1.062300729000000000e+09
2.797791980000000000e+08
1.061971913000000000e+09
1.678177804000000000e+09
1.062259277000000000e+09
1.678177804000000000e+09
1.062259277000000000e+09
2.154907260000000000e+08
1.062122648000000000e+09
-2.084740215000000000e+09
1.062270582000000000e+09
1.094697751000000000e+09
1.062368560000000000e+09
-1.951279462000000000e+09
1.062167868000000000e+09
-2.071882521000000000e+09
1.062240435000000000e+09
-8.357501330000000000e+08
1.062069890000000000e+09
6.012215570000000000e+08
1.062266814000000000e+09
5.883638630000000000e+08
1.062296961000000000e+09
1.665320110000000000e+09
1.062289424000000000e+09
-1.007783967000000000e+09
1.062263045000000000e+09
4.345689100000000000e+07
1.062315803000000000e+09
-4.628769970000000000e+08
1.062244203000000000e+09
-9.949262730000000000e+08
1.062232898000000000e+09
-1.046357050000000000e+09
1.062353486000000000e+09
-2.071882521000000000e+09
1.062240435000000000e+09
5.631458600000000000e+07
1.062285656000000000e+09
-9.949262730000000000e+08
1.062232898000000000e+09
