1.294373706000000000e+09
1.072247962000000000e+09
-1.686608162000000000e+09
1.072066017000000000e+09
1.961172280000000000e+08
1.072180930000000000e+09
7.452454670000000000e+08
1.072214446000000000e+09
9.021392490000000000e+08
1.072224022000000000e+09
2.745641190000000000e+08
1.072185718000000000e+09
1.921948836000000000e+09
1.072286266000000000e+09
-2.078842618000000000e+09
1.072042077000000000e+09
5.099047930000000000e+08
1.072200082000000000e+09
9.609744180000000000e+08
1.071965469000000000e+09
2.745641190000000000e+08
1.072185718000000000e+09
-3.530110110000000000e+08
1.072147413000000000e+09
-5.099047930000000000e+08
1.072137837000000000e+09
9.021392490000000000e+08
1.072224022000000000e+09
1.451267488000000000e+09
1.072257538000000000e+09
-1.059033032000000000e+09
1.072104321000000000e+09
2.078842618000000000e+09
1.072295842000000000e+09
2.078842618000000000e+09
1.072295842000000000e+09
1.961172280000000000e+08
1.072180930000000000e+09
3.530110110000000000e+08
1.072190506000000000e+09
-1.686608162000000000e+09
1.072066017000000000e+09
-1.961172280000000000e+08
1.072156989000000000e+09
4.314579020000000000e+08
1.072195294000000000e+09
-1.215926814000000000e+09
1.072094745000000000e+09
-8.236923580000000000e+08
1.072118685000000000e+09
1.529714379000000000e+09
1.072262326000000000e+09
6.471868530000000000e+08
1.071946317000000000e+09
-3.922344600000000000e+07
1.072166565000000000e+09
-1.313985428000000000e+09
1.071826616000000000e+09
-2.745641190000000000e+08
1.072152201000000000e+09
8.040806350000000000e+08
1.071955893000000000e+09
1.431655765000000000e+09
1.071994197000000000e+09
1.823890222000000000e+09
1.072018137000000000e+09
-1.215926814000000000e+09
1.072094745000000000e+09
-1.686608162000000000e+09
1.072066017000000000e+09
1.510102657000000000e+09
1.071998985000000000e+09
-2.941758420000000000e+08
1.071888860000000000e+09
1.117868200000000000e+09
1.071975045000000000e+09
-1.843501944000000000e+09
1.072056441000000000e+09
1.745443330000000000e+09
1.072013349000000000e+09
2.137677787000000000e+09
1.072037289000000000e+09
1.980784004000000000e+09
1.072027713000000000e+09
1.431655765000000000e+09
1.071994197000000000e+09
-7.452454670000000000e+08
1.072123473000000000e+09
-9.021392490000000000e+08
1.072113897000000000e+09
1.039421309000000000e+09
1.071970257000000000e+09
1.902337113000000000e+09
1.072022925000000000e+09
-1.313985428000000000e+09
1.071826616000000000e+09
2.137677787000000000e+09
1.072037289000000000e+09
8.040806350000000000e+08
1.071955893000000000e+09
8.040806350000000000e+08
1.071955893000000000e+09
-1.059033032000000000e+09
1.072104321000000000e+09
1.588549548000000000e+09
1.072003773000000000e+09
3.333992880000000000e+08
1.071927165000000000e+09
-1.921948836000000000e+09
1.072051653000000000e+09
-1.078644755000000000e+09
1.071840980000000000e+09
1.039421309000000000e+09
1.071970257000000000e+09
-1.863113667000000000e+09
1.071793100000000000e+09
9.609744180000000000e+08
1.071965469000000000e+09
2.059230895000000000e+09
1.072032501000000000e+09
5.687399620000000000e+08
1.071941529000000000e+09
1.510102657000000000e+09
1.071998985000000000e+09
-1.843501944000000000e+09
1.072056441000000000e+09
1.765055050000000000e+08
1.071917589000000000e+09
1.666996439000000000e+09
1.072008561000000000e+09
-4.314579020000000000e+08
1.072142625000000000e+09
1.980784004000000000e+09
1.072027713000000000e+09
1.510102657000000000e+09
1.071998985000000000e+09
1.666996439000000000e+09
1.072008561000000000e+09
1.117868200000000000e+09
1.071975045000000000e+09
-9.805861410000000000e+08
1.072109109000000000e+09
-1.529714379000000000e+09
1.072075593000000000e+09
-2.078842618000000000e+09
1.072042077000000000e+09
-1.137479923000000000e+09
1.072099533000000000e+09
-9.217509720000000000e+08
1.071850556000000000e+09
-8.236923580000000000e+08
1.072118685000000000e+09
-9.217509720000000000e+08
1.071850556000000000e+09
5.687399620000000000e+08
1.071941529000000000e+09
2.549523970000000000e+08
1.071922377000000000e+09
7.452454670000000000e+08
1.072214446000000000e+09
-3.726227330000000000e+08
1.071884072000000000e+09
8.040806350000000000e+08
1.071955893000000000e+09
4.902930700000000000e+08
1.071936741000000000e+09
1.196315092000000000e+09
1.071979833000000000e+09
-6.864102980000000000e+08
1.071864920000000000e+09
-5.883516800000000000e+07
1.071903224000000000e+09
-2.000395727000000000e+09
1.072046865000000000e+09
1.823890222000000000e+09
1.072018137000000000e+09
8.040806350000000000e+08
1.071955893000000000e+09
1.980784004000000000e+09
1.072027713000000000e+09
1.745443330000000000e+09
1.072013349000000000e+09
1.117868200000000000e+09
1.071975045000000000e+09
-1.686608162000000000e+09
1.072066017000000000e+09
1.902337113000000000e+09
1.072022925000000000e+09
1.510102657000000000e+09
1.071998985000000000e+09
9.805861400000000000e+07
1.071912801000000000e+09
1.902337113000000000e+09
1.072022925000000000e+09
-1.608161271000000000e+09
1.072070805000000000e+09
1.353208874000000000e+09
1.071989409000000000e+09
-1.686608162000000000e+09
1.072066017000000000e+09
-1.765055053000000000e+09
1.072061229000000000e+09
-1.706219885000000000e+09
1.071802676000000000e+09
-7.452454670000000000e+08
1.072123473000000000e+09
-2.098454341000000000e+09
1.071778736000000000e+09
1.431655765000000000e+09
1.071994197000000000e+09
1.196315092000000000e+09
1.071979833000000000e+09
4.118461790000000000e+08
1.071931953000000000e+09
1.431655765000000000e+09
1.071994197000000000e+09
-2.000395727000000000e+09
1.072046865000000000e+09
1.588549548000000000e+09
1.072003773000000000e+09
1.745443330000000000e+09
1.072013349000000000e+09
-8.433040810000000000e+08
1.071855344000000000e+09
1.823890222000000000e+09
1.072018137000000000e+09
1.980784004000000000e+09
1.072027713000000000e+09
1.431655765000000000e+09
1.071994197000000000e+09
1.196315092000000000e+09
1.071979833000000000e+09
-9.021392490000000000e+08
1.072113897000000000e+09
1.666996439000000000e+09
1.072008561000000000e+09
-1.608161271000000000e+09
1.072070805000000000e+09
-1.215926814000000000e+09
1.072094745000000000e+09
3.333992880000000000e+08
1.071927165000000000e+09
-1.686608162000000000e+09
1.072066017000000000e+09
-1.941560558000000000e+09
1.071788312000000000e+09
-1.137479923000000000e+09
1.072099533000000000e+09
-1.921948836000000000e+09
1.072051653000000000e+09
-1.157091646000000000e+09
1.071836192000000000e+09
-8.236923580000000000e+08
1.072118685000000000e+09
-1.686608162000000000e+09
1.072066017000000000e+09
1.961172300000000000e+07
1.071908013000000000e+09
-3.922344600000000000e+07
1.072166565000000000e+09
-1.078644755000000000e+09
1.071840980000000000e+09
4.118461790000000000e+08
1.071931953000000000e+09
-1.294373706000000000e+09
1.072089957000000000e+09
-1.451267488000000000e+09
1.072080381000000000e+09
1.568937825000000000e+09
1.071740432000000000e+09
4.118461790000000000e+08
1.071931953000000000e+09
1.431655765000000000e+09
1.071994197000000000e+09
1.765055050000000000e+08
1.071917589000000000e+09
1.882725390000000000e+09
1.071759584000000000e+09
4.118461790000000000e+08
1.071931953000000000e+09
1.765055053000000000e+09
1.072276690000000000e+09
3.333992880000000000e+08
1.071927165000000000e+09
1.274761983000000000e+09
1.071984621000000000e+09
-5.099047930000000000e+08
1.072137837000000000e+09
2.059230895000000000e+09
1.072032501000000000e+09
2.137677787000000000e+09
1.072037289000000000e+09
-9.021392490000000000e+08
1.072113897000000000e+09
4.118461790000000000e+08
1.071931953000000000e+09
-1.765055053000000000e+09
1.072061229000000000e+09
-2.941758420000000000e+08
1.071888860000000000e+09
1.117868200000000000e+09
1.071975045000000000e+09
6.471868530000000000e+08
1.071946317000000000e+09
1.431655765000000000e+09
1.071994197000000000e+09
-2.078842618000000000e+09
1.072042077000000000e+09
1.588549548000000000e+09
1.072003773000000000e+09
1.274761983000000000e+09
1.071984621000000000e+09
-9.805861410000000000e+08
1.072109109000000000e+09
-1.470879211000000000e+09
1.071817040000000000e+09
-2.000395727000000000e+09
1.072046865000000000e+09
-1.157091646000000000e+09
1.071836192000000000e+09
1.588549548000000000e+09
1.072003773000000000e+09
1.510102657000000000e+09
1.071998985000000000e+09
5.687399620000000000e+08
1.071941529000000000e+09
1.588549548000000000e+09
1.072003773000000000e+09
-1.921948836000000000e+09
1.072051653000000000e+09
9.805861400000000000e+07
1.071912801000000000e+09
2.137677787000000000e+09
1.072037289000000000e+09
-1.294373706000000000e+09
1.072089957000000000e+09
-2.000395727000000000e+09
1.072046865000000000e+09
1.274761983000000000e+09
1.071984621000000000e+09
-1.921948836000000000e+09
1.072051653000000000e+09
1.902337113000000000e+09
1.072022925000000000e+09
1.980784004000000000e+09
1.072027713000000000e+09
1.666996439000000000e+09
1.072008561000000000e+09
1.353208874000000000e+09
1.071989409000000000e+09
-1.451267488000000000e+09
1.072080381000000000e+09
-1.392432320000000000e+09
1.071821828000000000e+09
-1.686608162000000000e+09
1.072066017000000000e+09
-7.648571900000000000e+08
1.071860132000000000e+09
1.745443330000000000e+09
1.072013349000000000e+09
-8.236923580000000000e+08
1.072118685000000000e+09
1.431655765000000000e+09
1.071994197000000000e+09
1.902337113000000000e+09
1.072022925000000000e+09
-3.922344600000000000e+07
1.072166565000000000e+09
-1.863113667000000000e+09
1.071793100000000000e+09
1.666996439000000000e+09
1.072008561000000000e+09
1.765055050000000000e+08
1.071917589000000000e+09
1.725831608000000000e+09
1.071750008000000000e+09
2.745641190000000000e+08
1.072185718000000000e+09
3.333992880000000000e+08
1.071927165000000000e+09
4.902930700000000000e+08
1.071936741000000000e+09
-7.452454670000000000e+08
1.072123473000000000e+09
-1.078644755000000000e+09
1.071840980000000000e+09
-1.961172280000000000e+08
1.072156989000000000e+09
1.823890222000000000e+09
1.072018137000000000e+09
8.040806350000000000e+08
1.071955893000000000e+09
-1.529714379000000000e+09
1.072075593000000000e+09
5.687399620000000000e+08
1.071941529000000000e+09
1.431655765000000000e+09
1.071994197000000000e+09
1.980784004000000000e+09
1.072027713000000000e+09
-1.608161271000000000e+09
1.072070805000000000e+09
2.137677787000000000e+09
1.072037289000000000e+09
3.922344600000000000e+07
1.072171354000000000e+09
-1.078644755000000000e+09
1.071840980000000000e+09
-1.608161271000000000e+09
1.072070805000000000e+09
-1.627772993000000000e+09
1.071807464000000000e+09
1.823890222000000000e+09
1.072018137000000000e+09
-1.157091646000000000e+09
1.071836192000000000e+09
4.902930700000000000e+08
1.071936741000000000e+09
1.117868200000000000e+09
1.071975045000000000e+09
1.196315092000000000e+09
1.071979833000000000e+09
1.039421309000000000e+09
1.071970257000000000e+09
4.118461790000000000e+08
1.071931953000000000e+09
-1.235538537000000000e+09
1.071831404000000000e+09
1.274761983000000000e+09
1.071984621000000000e+09
1.666996439000000000e+09
1.072008561000000000e+09
1.588549548000000000e+09
1.072003773000000000e+09
2.059230895000000000e+09
1.072032501000000000e+09
-1.765055053000000000e+09
1.072061229000000000e+09
-2.000395727000000000e+09
1.072046865000000000e+09
1.980784004000000000e+09
1.072027713000000000e+09
-8.236923580000000000e+08
1.072118685000000000e+09
1.039421309000000000e+09
1.071970257000000000e+09
1.510102657000000000e+09
1.071998985000000000e+09
-1.863113667000000000e+09
1.071793100000000000e+09
1.666996439000000000e+09
1.072008561000000000e+09
5.687399620000000000e+08
1.071941529000000000e+09
1.196315092000000000e+09
1.071979833000000000e+09
-1.608161271000000000e+09
1.072070805000000000e+09
-1.921948836000000000e+09
1.072051653000000000e+09
1.961172300000000000e+07
1.071908013000000000e+09
-1.294373706000000000e+09
1.072089957000000000e+09
-1.000197863000000000e+09
1.071845768000000000e+09
1.274761983000000000e+09
1.071984621000000000e+09
-2.098454341000000000e+09
1.071778736000000000e+09
1.588549548000000000e+09
1.072003773000000000e+09
1.823890222000000000e+09
1.072018137000000000e+09
8.825275270000000000e+08
1.071960681000000000e+09
9.609744180000000000e+08
1.071965469000000000e+09
1.745443330000000000e+09
1.072013349000000000e+09
-2.098454341000000000e+09
1.071778736000000000e+09
-1.686608162000000000e+09
1.072066017000000000e+09
1.823890222000000000e+09
1.072018137000000000e+09
9.609744180000000000e+08
1.071965469000000000e+09
-6.667985760000000000e+08
1.072128261000000000e+09
1.274761983000000000e+09
1.071984621000000000e+09
-1.765055053000000000e+09
1.072061229000000000e+09
-1.529714379000000000e+09
1.072075593000000000e+09
-1.843501944000000000e+09
1.072056441000000000e+09
-1.843501944000000000e+09
1.072056441000000000e+09
-2.078842618000000000e+09
1.072042077000000000e+09
-1.157091646000000000e+09
1.071836192000000000e+09
2.137677787000000000e+09
1.072037289000000000e+09
-1.372820600000000000e+08
1.071898436000000000e+09
7.256337440000000000e+08
1.071951105000000000e+09
-1.961172280000000000e+08
1.072156989000000000e+09
1.196315092000000000e+09
1.071979833000000000e+09
-5.883516800000000000e+07
1.071903224000000000e+09
1.353208874000000000e+09
1.071989409000000000e+09
-1.941560558000000000e+09
1.071788312000000000e+09
-1.843501944000000000e+09
1.072056441000000000e+09
2.118066064000000000e+09
1.071773948000000000e+09
1.510102657000000000e+09
1.071998985000000000e+09
1.980784004000000000e+09
1.072027713000000000e+09
4.902930700000000000e+08
1.071936741000000000e+09
-2.078842618000000000e+09
1.072042077000000000e+09
1.745443330000000000e+09
1.072013349000000000e+09
1.274761983000000000e+09
1.071984621000000000e+09
1.196315092000000000e+09
1.071979833000000000e+09
-1.529714379000000000e+09
1.072075593000000000e+09
1.196315092000000000e+09
1.071979833000000000e+09
1.588549548000000000e+09
1.072003773000000000e+09
1.117868200000000000e+09
1.071975045000000000e+09
1.510102657000000000e+09
1.071998985000000000e+09
-5.883516840000000000e+08
1.072133049000000000e+09
2.059230895000000000e+09
1.072032501000000000e+09
-2.078842618000000000e+09
1.072042077000000000e+09
-1.294373706000000000e+09
1.072089957000000000e+09
-1.000197863000000000e+09
1.071845768000000000e+09
-1.372820597000000000e+09
1.072085169000000000e+09
1.961172281000000000e+09
1.071764372000000000e+09
1.274761983000000000e+09
1.071984621000000000e+09
1.274761983000000000e+09
1.071984621000000000e+09
1.117868200000000000e+09
1.071975045000000000e+09
2.059230895000000000e+09
1.072032501000000000e+09
-1.529714379000000000e+09
1.072075593000000000e+09
-1.078644755000000000e+09
1.071840980000000000e+09
1.353208874000000000e+09
1.071989409000000000e+09
-6.864102980000000000e+08
1.071864920000000000e+09
2.137677787000000000e+09
1.072037289000000000e+09
2.059230895000000000e+09
1.072032501000000000e+09
1.117868200000000000e+09
1.071975045000000000e+09
8.825275270000000000e+08
1.071960681000000000e+09
-9.021392490000000000e+08
1.072113897000000000e+09
1.117868200000000000e+09
1.071975045000000000e+09
1.510102657000000000e+09
1.071998985000000000e+09
-3.530110110000000000e+08
1.072147413000000000e+09
1.196315092000000000e+09
1.071979833000000000e+09
-1.961172280000000000e+08
1.072156989000000000e+09
-1.392432320000000000e+09
1.071821828000000000e+09
9.609744180000000000e+08
1.071965469000000000e+09
-1.961172280000000000e+08
1.072156989000000000e+09
3.333992880000000000e+08
1.071927165000000000e+09
1.823890222000000000e+09
1.072018137000000000e+09
-9.021392490000000000e+08
1.072113897000000000e+09
-1.392432320000000000e+09
1.071821828000000000e+09
-1.215926814000000000e+09
1.072094745000000000e+09
-1.941560558000000000e+09
1.071788312000000000e+09
1.823890222000000000e+09
1.072018137000000000e+09
1.353208874000000000e+09
1.071989409000000000e+09
1.117868200000000000e+09
1.071975045000000000e+09
1.980784004000000000e+09
1.072027713000000000e+09
-1.059033032000000000e+09
1.072104321000000000e+09
-1.372820600000000000e+08
1.071898436000000000e+09
5.687399620000000000e+08
1.071941529000000000e+09
-1.000197863000000000e+09
1.071845768000000000e+09
1.588549548000000000e+09
1.072003773000000000e+09
1.980784004000000000e+09
1.072027713000000000e+09
1.274761983000000000e+09
1.071984621000000000e+09
2.059230895000000000e+09
1.072032501000000000e+09
-1.372820597000000000e+09
1.072085169000000000e+09
1.510102657000000000e+09
1.071998985000000000e+09
1.588549548000000000e+09
1.072003773000000000e+09
-1.137479923000000000e+09
1.072099533000000000e+09
-1.921948836000000000e+09
1.072051653000000000e+09
-1.451267488000000000e+09
1.072080381000000000e+09
-4.510696250000000000e+08
1.071879284000000000e+09
-1.843501944000000000e+09
1.072056441000000000e+09
-1.765055053000000000e+09
1.072061229000000000e+09
8.825275270000000000e+08
1.071960681000000000e+09
-2.078842618000000000e+09
1.072042077000000000e+09
-1.294373706000000000e+09
1.072089957000000000e+09
-7.648571900000000000e+08
1.071860132000000000e+09
-3.530110110000000000e+08
1.072147413000000000e+09
-8.433040810000000000e+08
1.071855344000000000e+09
1.588549548000000000e+09
1.072003773000000000e+09
5.687399620000000000e+08
1.071941529000000000e+09
8.040806350000000000e+08
1.071955893000000000e+09
-1.765055053000000000e+09
1.072061229000000000e+09
6.471868530000000000e+08
1.071946317000000000e+09
1.745443330000000000e+09
1.072013349000000000e+09
1.117868200000000000e+09
1.071975045000000000e+09
-5.295165160000000000e+08
1.071874496000000000e+09
-1.451267488000000000e+09
1.072080381000000000e+09
-1.059033032000000000e+09
1.072104321000000000e+09
1.039421309000000000e+09
1.071970257000000000e+09
1.980784004000000000e+09
1.072027713000000000e+09
-1.529714379000000000e+09
1.072075593000000000e+09
1.431655765000000000e+09
1.071994197000000000e+09
-1.451267488000000000e+09
1.072080381000000000e+09
-8.236923580000000000e+08
1.072118685000000000e+09
1.196315092000000000e+09
1.071979833000000000e+09
-4.314579020000000000e+08
1.072142625000000000e+09
1.333597151000000000e+09
1.071726068000000000e+09
-1.176703370000000000e+08
1.072161777000000000e+09
1.039421309000000000e+09
1.071970257000000000e+09
4.118461790000000000e+08
1.071931953000000000e+09
-1.921948836000000000e+09
1.072051653000000000e+09
-2.000395727000000000e+09
1.072046865000000000e+09
1.588549548000000000e+09
1.072003773000000000e+09
3.922344600000000000e+07
1.072171354000000000e+09
-6.864102980000000000e+08
1.071864920000000000e+09
1.274761983000000000e+09
1.071984621000000000e+09
-9.217509720000000000e+08
1.071850556000000000e+09
1.117868200000000000e+09
1.071975045000000000e+09
2.137677787000000000e+09
1.072037289000000000e+09
4.902930700000000000e+08
1.071936741000000000e+09
1.980784004000000000e+09
1.072027713000000000e+09
-2.000395727000000000e+09
1.072046865000000000e+09
1.765055050000000000e+08
1.071917589000000000e+09
1.510102657000000000e+09
1.071998985000000000e+09
-9.021392490000000000e+08
1.072113897000000000e+09
1.902337113000000000e+09
1.072022925000000000e+09
-1.843501944000000000e+09
1.072056441000000000e+09
1.666996439000000000e+09
1.072008561000000000e+09
1.588549548000000000e+09
1.072003773000000000e+09
-1.059033032000000000e+09
1.072104321000000000e+09
-8.236923580000000000e+08
1.072118685000000000e+09
1.117868200000000000e+09
1.071975045000000000e+09
-7.452454670000000000e+08
1.072123473000000000e+09
-1.313985428000000000e+09
1.071826616000000000e+09
1.353208874000000000e+09
1.071989409000000000e+09
1.765055050000000000e+08
1.071917589000000000e+09
1.196315092000000000e+09
1.071979833000000000e+09
2.137677787000000000e+09
1.072037289000000000e+09
-7.648571900000000000e+08
1.071860132000000000e+09
-1.451267488000000000e+09
1.072080381000000000e+09
-1.294373706000000000e+09
1.072089957000000000e+09
-2.157289510000000000e+08
1.071893648000000000e+09
1.274761983000000000e+09
1.071984621000000000e+09
-1.000197863000000000e+09
1.071845768000000000e+09
6.471868530000000000e+08
1.071946317000000000e+09
-1.451267488000000000e+09
1.072080381000000000e+09
6.471868530000000000e+08
1.071946317000000000e+09
1.353208874000000000e+09
1.071989409000000000e+09
-1.059033032000000000e+09
1.072104321000000000e+09
1.196315092000000000e+09
1.071979833000000000e+09
-6.667985760000000000e+08
1.072128261000000000e+09
-1.294373706000000000e+09
1.072089957000000000e+09
8.040806350000000000e+08
1.071955893000000000e+09
9.609744180000000000e+08
1.071965469000000000e+09
-5.883516800000000000e+07
1.071903224000000000e+09
-1.294373706000000000e+09
1.072089957000000000e+09
1.353208874000000000e+09
1.071989409000000000e+09
1.274761983000000000e+09
1.071984621000000000e+09
9.805861400000000000e+07
1.071912801000000000e+09
1.843501944000000000e+09
1.072281478000000000e+09
-1.627772993000000000e+09
1.071807464000000000e+09
-1.529714379000000000e+09
1.072075593000000000e+09
-7.648571900000000000e+08
1.071860132000000000e+09
6.471868530000000000e+08
1.071946317000000000e+09
-2.157289510000000000e+08
1.071893648000000000e+09
4.902930700000000000e+08
1.071936741000000000e+09
-2.078842618000000000e+09
1.072042077000000000e+09
1.431655765000000000e+09
1.071994197000000000e+09
-5.883516800000000000e+07
1.071903224000000000e+09
1.039421309000000000e+09
1.071970257000000000e+09
-1.392432320000000000e+09
1.071821828000000000e+09
1.431655765000000000e+09
1.071994197000000000e+09
-2.078842618000000000e+09
1.072042077000000000e+09
1.823890222000000000e+09
1.072018137000000000e+09
1.823890222000000000e+09
1.072018137000000000e+09
-1.921948836000000000e+09
1.072051653000000000e+09
1.431655765000000000e+09
1.071994197000000000e+09
1.902337113000000000e+09
1.072022925000000000e+09
-3.530110110000000000e+08
1.072147413000000000e+09
-1.294373706000000000e+09
1.072089957000000000e+09
-1.843501944000000000e+09
1.072056441000000000e+09
2.118066064000000000e+09
1.071773948000000000e+09
-1.843501944000000000e+09
1.072056441000000000e+09
1.823890222000000000e+09
1.072018137000000000e+09
4.902930700000000000e+08
1.071936741000000000e+09
-1.451267488000000000e+09
1.072080381000000000e+09
-5.099047930000000000e+08
1.072137837000000000e+09
-1.000197863000000000e+09
1.071845768000000000e+09
1.980784004000000000e+09
1.072027713000000000e+09
-1.470879211000000000e+09
1.071817040000000000e+09
1.745443330000000000e+09
1.072013349000000000e+09
1.510102657000000000e+09
1.071998985000000000e+09
7.256337440000000000e+08
1.071951105000000000e+09
-1.765055053000000000e+09
1.072061229000000000e+09
-1.451267488000000000e+09
1.072080381000000000e+09
-2.941758420000000000e+08
1.071888860000000000e+09
1.039421309000000000e+09
1.071970257000000000e+09
-1.157091646000000000e+09
1.071836192000000000e+09
-2.078842618000000000e+09
1.072042077000000000e+09
1.353208874000000000e+09
1.071989409000000000e+09
1.765055050000000000e+08
1.071917589000000000e+09
-1.843501944000000000e+09
1.072056441000000000e+09
2.137677787000000000e+09
1.072037289000000000e+09
-5.295165160000000000e+08
1.071874496000000000e+09
1.666996439000000000e+09
1.072008561000000000e+09
2.137677787000000000e+09
1.072037289000000000e+09
-4.510696250000000000e+08
1.071879284000000000e+09
6.667985760000000000e+08
1.072209658000000000e+09
1.902337113000000000e+09
1.072022925000000000e+09
-1.608161271000000000e+09
1.072070805000000000e+09
-1.608161271000000000e+09
1.072070805000000000e+09
1.117868200000000000e+09
1.071975045000000000e+09
-1.490490934000000000e+09
1.072602275000000000e+09
-1.706219885000000000e+09
1.071802676000000000e+09
-6.864102980000000000e+08
1.071864920000000000e+09
2.000395727000000000e+09
1.072291054000000000e+09
1.647384716000000000e+09
1.071745220000000000e+09
1.765055050000000000e+08
1.071917589000000000e+09
1.353208874000000000e+09
1.071989409000000000e+09
2.137677787000000000e+09
1.072037289000000000e+09
1.745443330000000000e+09
1.072013349000000000e+09
-3.530110110000000000e+08
1.072147413000000000e+09
-1.235538537000000000e+09
1.071831404000000000e+09
1.980784004000000000e+09
1.072027713000000000e+09
-1.157091646000000000e+09
1.071836192000000000e+09
1.588549548000000000e+09
1.072003773000000000e+09
2.137677787000000000e+09
1.072037289000000000e+09
3.333992880000000000e+08
1.071927165000000000e+09
-2.078842618000000000e+09
1.072042077000000000e+09
-1.843501944000000000e+09
1.072056441000000000e+09
1.588549548000000000e+09
1.072003773000000000e+09
2.549523970000000000e+08
1.071922377000000000e+09
-6.667985760000000000e+08
1.072128261000000000e+09
7.256337440000000000e+08
1.071951105000000000e+09
-1.529714379000000000e+09
1.072075593000000000e+09
1.117868200000000000e+09
1.071975045000000000e+09
6.471868530000000000e+08
1.071946317000000000e+09
-1.294373706000000000e+09
1.072089957000000000e+09
-1.451267488000000000e+09
1.072080381000000000e+09
-1.921948836000000000e+09
1.072051653000000000e+09
2.059230895000000000e+09
1.072032501000000000e+09
-3.726227330000000000e+08
1.071884072000000000e+09
-1.372820597000000000e+09
1.072085169000000000e+09
-1.863113667000000000e+09
1.071793100000000000e+09
1.588549548000000000e+09
1.072003773000000000e+09
1.353208874000000000e+09
1.071989409000000000e+09
-5.883516800000000000e+07
1.071903224000000000e+09
1.196315092000000000e+09
1.071979833000000000e+09
-8.236923580000000000e+08
1.072118685000000000e+09
-1.313985428000000000e+09
1.071826616000000000e+09
-2.078842618000000000e+09
1.072042077000000000e+09
-2.941758420000000000e+08
1.071888860000000000e+09
-1.686608162000000000e+09
1.072066017000000000e+09
2.059230895000000000e+09
1.072032501000000000e+09
1.980784004000000000e+09
1.072027713000000000e+09
1.196315092000000000e+09
1.071979833000000000e+09
1.745443330000000000e+09
1.072013349000000000e+09
1.117868200000000000e+09
1.071975045000000000e+09
-2.745641190000000000e+08
1.072152201000000000e+09
-1.294373706000000000e+09
1.072089957000000000e+09
-1.372820597000000000e+09
1.072085169000000000e+09
-5.883516840000000000e+08
1.072133049000000000e+09
7.844689130000000000e+08
1.071692552000000000e+09
9.609744180000000000e+08
1.071965469000000000e+09
4.902930700000000000e+08
1.071936741000000000e+09
-1.294373706000000000e+09
1.072089957000000000e+09
-4.706813480000000000e+08
1.070567367000000000e+09
-1.823890222000000000e+09
1.071271206000000000e+09
0.000000000000000000e+00
1.072693248000000000e+09
-1.451267488000000000e+09
1.072080381000000000e+09
-1.235538537000000000e+09
1.071831404000000000e+09
-9.805861410000000000e+08
1.072109109000000000e+09
-1.392432320000000000e+09
1.071821828000000000e+09
-9.021392490000000000e+08
1.072113897000000000e+09
-1.784666776000000000e+09
1.071797888000000000e+09
1.039421309000000000e+09
1.071970257000000000e+09
1.196315092000000000e+09
1.071979833000000000e+09
-2.078842618000000000e+09
1.072042077000000000e+09
-6.864102980000000000e+08
1.071864920000000000e+09
1.980784004000000000e+09
1.072027713000000000e+09
1.196315092000000000e+09
1.071979833000000000e+09
1.588549548000000000e+09
1.072003773000000000e+09
-1.176703370000000000e+08
1.072161777000000000e+09
4.902930700000000000e+08
1.071936741000000000e+09
1.745443330000000000e+09
1.072013349000000000e+09
1.823890222000000000e+09
1.072018137000000000e+09
-1.921948836000000000e+09
1.072051653000000000e+09
2.549523970000000000e+08
1.071922377000000000e+09
-1.961172280000000000e+08
1.072156989000000000e+09
1.568937825000000000e+09
1.071740432000000000e+09
1.510102657000000000e+09
1.071998985000000000e+09
1.353208874000000000e+09
1.071989409000000000e+09
1.039421309000000000e+09
1.071970257000000000e+09
-1.451267488000000000e+09
1.072080381000000000e+09
-1.921948836000000000e+09
1.072051653000000000e+09
1.765055050000000000e+08
1.071917589000000000e+09
-9.805861410000000000e+08
1.072109109000000000e+09
-1.784666776000000000e+09
1.071797888000000000e+09
-2.078842618000000000e+09
1.072042077000000000e+09
-1.235538537000000000e+09
1.071831404000000000e+09
8.825275270000000000e+08
1.071960681000000000e+09
8.825275270000000000e+08
1.071960681000000000e+09
5.687399620000000000e+08
1.071941529000000000e+09
1.745443330000000000e+09
1.072013349000000000e+09
2.137677787000000000e+09
1.072037289000000000e+09
3.333992880000000000e+08
1.071927165000000000e+09
3.333992880000000000e+08
1.071927165000000000e+09
1.823890222000000000e+09
1.072018137000000000e+09
1.196315092000000000e+09
1.071979833000000000e+09
-2.078842618000000000e+09
1.072042077000000000e+09
1.588549548000000000e+09
1.072003773000000000e+09
1.510102657000000000e+09
1.071998985000000000e+09
-5.099047930000000000e+08
1.072137837000000000e+09
-1.372820597000000000e+09
1.072085169000000000e+09
1.980784004000000000e+09
1.072027713000000000e+09
2.059230895000000000e+09
1.072032501000000000e+09
-1.078644755000000000e+09
1.071840980000000000e+09
-1.784666776000000000e+09
1.071797888000000000e+09
-1.686608162000000000e+09
1.072066017000000000e+09
4.118461790000000000e+08
1.071931953000000000e+09
1.725831608000000000e+09
1.071750008000000000e+09
2.078842618000000000e+09
1.072295842000000000e+09
-2.078842618000000000e+09
1.072042077000000000e+09
-1.294373706000000000e+09
1.072089957000000000e+09
-3.726227330000000000e+08
1.071884072000000000e+09
-2.157289510000000000e+08
1.071893648000000000e+09
3.333992880000000000e+08
1.071927165000000000e+09
-6.864102980000000000e+08
1.071864920000000000e+09
1.745443330000000000e+09
1.072013349000000000e+09
9.609744180000000000e+08
1.071965469000000000e+09
-2.000395727000000000e+09
1.072046865000000000e+09
1.666996439000000000e+09
1.072008561000000000e+09
5.687399620000000000e+08
1.071941529000000000e+09
4.902930700000000000e+08
1.071936741000000000e+09
1.902337113000000000e+09
1.072022925000000000e+09
-2.078842618000000000e+09
1.072042077000000000e+09
1.745443330000000000e+09
1.072013349000000000e+09
7.256337440000000000e+08
1.071951105000000000e+09
2.137677787000000000e+09
1.072037289000000000e+09
-1.294373706000000000e+09
1.072089957000000000e+09
1.980784004000000000e+09
1.072027713000000000e+09
2.059230895000000000e+09
1.072032501000000000e+09
2.745641190000000000e+08
1.072185718000000000e+09
-1.078644755000000000e+09
1.071840980000000000e+09
-1.215926814000000000e+09
1.072094745000000000e+09
1.176703369000000000e+09
1.071716492000000000e+09
1.666996439000000000e+09
1.072008561000000000e+09
-1.921948836000000000e+09
1.072051653000000000e+09
1.353208874000000000e+09
1.071989409000000000e+09
1.353208874000000000e+09
1.071989409000000000e+09
-1.215926814000000000e+09
1.072094745000000000e+09
-1.078644755000000000e+09
1.071840980000000000e+09
9.609744180000000000e+08
1.071965469000000000e+09
-1.000197863000000000e+09
1.071845768000000000e+09
1.666996439000000000e+09
1.072008561000000000e+09
1.117868200000000000e+09
1.071975045000000000e+09
1.196315092000000000e+09
1.071979833000000000e+09
8.825275270000000000e+08
1.071960681000000000e+09
1.902337113000000000e+09
1.072022925000000000e+09
-1.313985428000000000e+09
1.071826616000000000e+09
1.510102657000000000e+09
1.071998985000000000e+09
-1.451267488000000000e+09
1.072080381000000000e+09
1.274761983000000000e+09
1.071984621000000000e+09
1.823890222000000000e+09
1.072018137000000000e+09
2.059230895000000000e+09
1.072032501000000000e+09
1.431655765000000000e+09
1.071994197000000000e+09
-1.372820597000000000e+09
1.072085169000000000e+09
-1.215926814000000000e+09
1.072094745000000000e+09
1.431655765000000000e+09
1.071994197000000000e+09
-1.686608162000000000e+09
1.072066017000000000e+09
-9.217509720000000000e+08
1.071850556000000000e+09
-1.843501944000000000e+09
1.072056441000000000e+09
1.117868200000000000e+09
1.071975045000000000e+09
-2.157289510000000000e+08
1.071893648000000000e+09
1.059033032000000000e+09
1.072233598000000000e+09
1.039421309000000000e+09
1.071970257000000000e+09
-1.470879211000000000e+09
1.071817040000000000e+09
-1.608161271000000000e+09
1.072070805000000000e+09
-4.510696250000000000e+08
1.071879284000000000e+09
1.353208874000000000e+09
1.071989409000000000e+09
1.647384716000000000e+09
1.071745220000000000e+09
1.588549548000000000e+09
1.072003773000000000e+09
-2.000395727000000000e+09
1.072046865000000000e+09
1.039421309000000000e+09
1.071970257000000000e+09
1.431655765000000000e+09
1.071994197000000000e+09
1.745443330000000000e+09
1.072013349000000000e+09
-2.157289510000000000e+08
1.071893648000000000e+09
1.666996439000000000e+09
1.072008561000000000e+09
1.686608162000000000e+09
1.072271902000000000e+09
5.687399620000000000e+08
1.071941529000000000e+09
1.510102657000000000e+09
1.071998985000000000e+09
1.588549548000000000e+09
1.072003773000000000e+09
1.902337113000000000e+09
1.072022925000000000e+09
-1.451267488000000000e+09
1.072080381000000000e+09
-1.451267488000000000e+09
1.072080381000000000e+09
1.353208874000000000e+09
1.071989409000000000e+09
-1.059033032000000000e+09
1.072104321000000000e+09
-5.883516800000000000e+07
1.071903224000000000e+09
-1.686608162000000000e+09
1.072066017000000000e+09
-1.392432320000000000e+09
1.071821828000000000e+09
-2.078842618000000000e+09
1.072042077000000000e+09
-1.372820597000000000e+09
1.072085169000000000e+09
1.902337113000000000e+09
1.072022925000000000e+09
1.510102657000000000e+09
1.071998985000000000e+09
-1.059033032000000000e+09
1.072104321000000000e+09
-1.078644755000000000e+09
1.071840980000000000e+09
1.196315092000000000e+09
1.071979833000000000e+09
-1.392432320000000000e+09
1.071821828000000000e+09
2.137677787000000000e+09
1.072037289000000000e+09
1.980784004000000000e+09
1.072027713000000000e+09
8.040806350000000000e+08
1.071955893000000000e+09
1.353208874000000000e+09
1.071989409000000000e+09
-1.294373706000000000e+09
1.072089957000000000e+09
1.588549548000000000e+09
1.072003773000000000e+09
1.510102657000000000e+09
1.071998985000000000e+09
-8.236923580000000000e+08
1.072118685000000000e+09
1.666996439000000000e+09
1.072008561000000000e+09
-9.805861410000000000e+08
1.072109109000000000e+09
-5.883516800000000000e+07
1.071903224000000000e+09
1.980784004000000000e+09
1.072027713000000000e+09
-1.294373706000000000e+09
1.072089957000000000e+09
-1.137479923000000000e+09
1.072099533000000000e+09
-1.765055053000000000e+09
1.072061229000000000e+09
-2.000395727000000000e+09
1.072046865000000000e+09
-8.433040810000000000e+08
1.071855344000000000e+09
1.666996439000000000e+09
1.072008561000000000e+09
-7.648571900000000000e+08
1.071860132000000000e+09
1.196315092000000000e+09
1.071979833000000000e+09
1.980784004000000000e+09
1.072027713000000000e+09
1.196315092000000000e+09
1.071979833000000000e+09
-2.157289510000000000e+08
1.071893648000000000e+09
-1.608161271000000000e+09
1.072070805000000000e+09
-3.726227330000000000e+08
1.071884072000000000e+09
1.431655765000000000e+09
1.071994197000000000e+09
-6.079634070000000000e+08
1.071869708000000000e+09
5.687399620000000000e+08
1.071941529000000000e+09
-1.215926814000000000e+09
1.072094745000000000e+09
2.137677787000000000e+09
1.072037289000000000e+09
1.666996439000000000e+09
1.072008561000000000e+09
-1.686608162000000000e+09
1.072066017000000000e+09
-2.000395727000000000e+09
1.072046865000000000e+09
2.059230895000000000e+09
1.072032501000000000e+09
1.176703370000000000e+08
1.072176142000000000e+09
8.825275270000000000e+08
1.071960681000000000e+09
-1.451267488000000000e+09
1.072080381000000000e+09
1.882725390000000000e+09
1.071759584000000000e+09
1.510102657000000000e+09
1.071998985000000000e+09
-1.608161271000000000e+09
1.072070805000000000e+09
1.588549548000000000e+09
1.072003773000000000e+09
-7.452454670000000000e+08
1.072123473000000000e+09
-1.215926814000000000e+09
1.072094745000000000e+09
-2.941758420000000000e+08
1.071888860000000000e+09
-8.236923580000000000e+08
1.072118685000000000e+09
-1.235538537000000000e+09
1.071831404000000000e+09
1.117868200000000000e+09
1.071975045000000000e+09
-2.157289510000000000e+08
1.071893648000000000e+09
8.825275270000000000e+08
1.071960681000000000e+09
1.745443330000000000e+09
1.072013349000000000e+09
1.588549548000000000e+09
1.072003773000000000e+09
1.666996439000000000e+09
1.072008561000000000e+09
1.431655765000000000e+09
1.071994197000000000e+09
-1.372820600000000000e+08
1.071898436000000000e+09
1.117868200000000000e+09
1.071975045000000000e+09
1.980784004000000000e+09
1.072027713000000000e+09
1.666996439000000000e+09
1.072008561000000000e+09
1.902337113000000000e+09
1.072022925000000000e+09
-1.059033032000000000e+09
1.072104321000000000e+09
1.666996439000000000e+09
1.072008561000000000e+09
-1.921948836000000000e+09
1.072051653000000000e+09
-1.451267488000000000e+09
1.072080381000000000e+09
1.588549548000000000e+09
1.072003773000000000e+09
2.059230895000000000e+09
1.072032501000000000e+09
-9.217509720000000000e+08
1.071850556000000000e+09
-1.765055053000000000e+09
1.072061229000000000e+09
-1.843501944000000000e+09
1.072056441000000000e+09
1.353208874000000000e+09
1.071989409000000000e+09
-1.765055053000000000e+09
1.072061229000000000e+09
2.137677787000000000e+09
1.072037289000000000e+09
-1.392432320000000000e+09
1.071821828000000000e+09
9.021392490000000000e+08
1.072224022000000000e+09
-2.098454341000000000e+09
1.071778736000000000e+09
5.687399620000000000e+08
1.071941529000000000e+09
1.039421309000000000e+09
1.071970257000000000e+09
5.687399620000000000e+08
1.071941529000000000e+09
8.040806350000000000e+08
1.071955893000000000e+09
1.765055050000000000e+08
1.071917589000000000e+09
9.609744180000000000e+08
1.071965469000000000e+09
3.922344600000000000e+07
1.072171354000000000e+09
-1.549326102000000000e+09
1.071812252000000000e+09
1.510102657000000000e+09
1.071998985000000000e+09
-1.372820597000000000e+09
1.072085169000000000e+09
1.588549548000000000e+09
1.072003773000000000e+09
1.902337113000000000e+09
1.072022925000000000e+09
-1.529714379000000000e+09
1.072075593000000000e+09
1.510102657000000000e+09
1.071998985000000000e+09
1.980784004000000000e+09
1.072027713000000000e+09
-1.451267488000000000e+09
1.072080381000000000e+09
6.471868530000000000e+08
1.071946317000000000e+09
-1.921948836000000000e+09
1.072051653000000000e+09
-1.784666776000000000e+09
1.071797888000000000e+09
1.980784004000000000e+09
1.072027713000000000e+09
-1.608161271000000000e+09
1.072070805000000000e+09
1.431655765000000000e+09
1.071994197000000000e+09
-1.294373706000000000e+09
1.072089957000000000e+09
-1.294373706000000000e+09
1.072089957000000000e+09
-5.295165160000000000e+08
1.071874496000000000e+09
-1.137479923000000000e+09
1.072099533000000000e+09
-7.648571900000000000e+08
1.071860132000000000e+09
1.196315092000000000e+09
1.071979833000000000e+09
-2.157289510000000000e+08
1.071893648000000000e+09
1.039421309000000000e+09
1.071970257000000000e+09
1.980784004000000000e+09
1.072027713000000000e+09
1.666996439000000000e+09
1.072008561000000000e+09
1.431655765000000000e+09
1.071994197000000000e+09
1.431655765000000000e+09
1.071994197000000000e+09
-2.941758420000000000e+08
1.071888860000000000e+09
1.902337113000000000e+09
1.072022925000000000e+09
1.666996439000000000e+09
1.072008561000000000e+09
1.666996439000000000e+09
1.072008561000000000e+09
2.059230895000000000e+09
1.072032501000000000e+09
-1.843501944000000000e+09
1.072056441000000000e+09
5.687399620000000000e+08
1.071941529000000000e+09
1.588549548000000000e+09
1.072003773000000000e+09
-2.000395727000000000e+09
1.072046865000000000e+09
1.745443330000000000e+09
1.072013349000000000e+09
-5.883516840000000000e+08
1.072133049000000000e+09
2.118066064000000000e+09
1.071773948000000000e+09
1.980784004000000000e+09
1.072027713000000000e+09
1.196315092000000000e+09
1.071979833000000000e+09
3.333992880000000000e+08
1.071927165000000000e+09
1.823890222000000000e+09
1.072018137000000000e+09
-1.843501944000000000e+09
1.072056441000000000e+09
8.825275270000000000e+08
1.071960681000000000e+09
-1.372820597000000000e+09
1.072085169000000000e+09
6.471868530000000000e+08
1.071946317000000000e+09
7.256337440000000000e+08
1.071951105000000000e+09
-2.941758420000000000e+08
1.071888860000000000e+09
-2.941758420000000000e+08
1.071888860000000000e+09
1.902337113000000000e+09
1.072022925000000000e+09
1.980784004000000000e+09
1.072027713000000000e+09
8.040806350000000000e+08
1.071955893000000000e+09
-1.451267488000000000e+09
1.072080381000000000e+09
-2.157289510000000000e+08
1.071893648000000000e+09
6.471868530000000000e+08
1.071946317000000000e+09
-8.236923580000000000e+08
1.072118685000000000e+09
1.510102657000000000e+09
1.071998985000000000e+09
-1.686608162000000000e+09
1.072066017000000000e+09
2.137677787000000000e+09
1.072037289000000000e+09
-1.765055053000000000e+09
1.072061229000000000e+09
-9.805861410000000000e+08
1.072109109000000000e+09
-1.451267488000000000e+09
1.072080381000000000e+09
1.431655765000000000e+09
1.071994197000000000e+09
-1.294373706000000000e+09
1.072089957000000000e+09
-5.295165160000000000e+08
1.071874496000000000e+09
1.902337113000000000e+09
1.072022925000000000e+09
-2.941758420000000000e+08
1.071888860000000000e+09
-1.843501944000000000e+09
1.072056441000000000e+09
2.137677787000000000e+09
1.072037289000000000e+09
1.431655765000000000e+09
1.071994197000000000e+09
1.588549548000000000e+09
1.072003773000000000e+09
-1.372820597000000000e+09
1.072085169000000000e+09
-7.648571900000000000e+08
1.071860132000000000e+09
1.823890222000000000e+09
1.072018137000000000e+09
-9.217509720000000000e+08
1.071850556000000000e+09
1.510102657000000000e+09
1.071998985000000000e+09
-1.843501944000000000e+09
1.072056441000000000e+09
1.196315092000000000e+09
1.071979833000000000e+09
1.745443330000000000e+09
1.072013349000000000e+09
-1.608161271000000000e+09
1.072070805000000000e+09
-2.000395727000000000e+09
1.072046865000000000e+09
1.196315092000000000e+09
1.071979833000000000e+09
-1.686608162000000000e+09
1.072066017000000000e+09
8.040806350000000000e+08
1.071955893000000000e+09
9.609744180000000000e+08
1.071965469000000000e+09
1.961172300000000000e+07
1.071908013000000000e+09
1.431655765000000000e+09
1.071994197000000000e+09
1.745443330000000000e+09
1.072013349000000000e+09
1.588549548000000000e+09
1.072003773000000000e+09
-4.314579020000000000e+08
1.072142625000000000e+09
-1.451267488000000000e+09
1.072080381000000000e+09
-1.235538537000000000e+09
1.071831404000000000e+09
-1.372820597000000000e+09
1.072085169000000000e+09
-1.392432320000000000e+09
1.071821828000000000e+09
1.666996439000000000e+09
1.072008561000000000e+09
1.274761983000000000e+09
1.071984621000000000e+09
5.687399620000000000e+08
1.071941529000000000e+09
1.196315092000000000e+09
1.071979833000000000e+09
5.883516840000000000e+08
1.072204870000000000e+09
-4.510696250000000000e+08
1.071879284000000000e+09
8.040806350000000000e+08
1.071955893000000000e+09
-1.941560558000000000e+09
1.071788312000000000e+09
1.765055050000000000e+08
1.071917589000000000e+09
3.922344600000000000e+07
1.072171354000000000e+09
1.255150260000000000e+09
1.071721280000000000e+09
-1.137479923000000000e+09
1.072099533000000000e+09
9.021392490000000000e+08
1.072224022000000000e+09
8.040806350000000000e+08
1.071955893000000000e+09
-4.314579020000000000e+08
1.072142625000000000e+09
-5.099047930000000000e+08
1.072137837000000000e+09
1.039421309000000000e+09
1.071970257000000000e+09
-1.059033032000000000e+09
1.072104321000000000e+09
-1.313985428000000000e+09
1.071826616000000000e+09
1.823890222000000000e+09
1.072018137000000000e+09
8.040806350000000000e+08
1.071955893000000000e+09
1.666996439000000000e+09
1.072008561000000000e+09
-1.765055053000000000e+09
1.072061229000000000e+09
1.666996439000000000e+09
1.072008561000000000e+09
8.040806350000000000e+08
1.071955893000000000e+09
-1.765055053000000000e+09
1.072061229000000000e+09
2.118066064000000000e+09
1.071773948000000000e+09
1.823890222000000000e+09
1.072018137000000000e+09
-2.098454341000000000e+09
1.071778736000000000e+09
1.274761983000000000e+09
1.071984621000000000e+09
2.137677787000000000e+09
1.072037289000000000e+09
5.687399620000000000e+08
1.071941529000000000e+09
1.588549548000000000e+09
1.072003773000000000e+09
2.137677787000000000e+09
1.072037289000000000e+09
2.549523970000000000e+08
1.071922377000000000e+09
1.117868200000000000e+09
1.071975045000000000e+09
7.452454670000000000e+08
1.072214446000000000e+09
1.039421309000000000e+09
1.071970257000000000e+09
2.059230895000000000e+09
1.072032501000000000e+09
1.039421309000000000e+09
1.071970257000000000e+09
1.431655765000000000e+09
1.071994197000000000e+09
-5.099047930000000000e+08
1.072137837000000000e+09
-1.215926814000000000e+09
1.072094745000000000e+09
-2.000395727000000000e+09
1.072046865000000000e+09
-1.608161271000000000e+09
1.072070805000000000e+09
-1.000197863000000000e+09
1.071845768000000000e+09
-1.451267488000000000e+09
1.072080381000000000e+09
2.118066064000000000e+09
1.071773948000000000e+09
-2.078842618000000000e+09
1.072042077000000000e+09
1.353208874000000000e+09
1.071989409000000000e+09
-5.883516800000000000e+07
1.071903224000000000e+09
-1.529714379000000000e+09
1.072075593000000000e+09
-2.000395727000000000e+09
1.072046865000000000e+09
4.118461790000000000e+08
1.071931953000000000e+09
1.902337113000000000e+09
1.072022925000000000e+09
-1.157091646000000000e+09
1.071836192000000000e+09
5.687399620000000000e+08
1.071941529000000000e+09
-5.883516840000000000e+08
1.072133049000000000e+09
8.040806350000000000e+08
1.071955893000000000e+09
-8.433040810000000000e+08
1.071855344000000000e+09
2.000395727000000000e+09
1.072291054000000000e+09
7.256337440000000000e+08
1.071951105000000000e+09
-1.176703370000000000e+08
1.072161777000000000e+09
1.588549548000000000e+09
1.072003773000000000e+09
1.274761983000000000e+09
1.071984621000000000e+09
-1.823890222000000000e+09
1.072319782000000000e+09
-1.568937825000000000e+09
1.071548911000000000e+09
1.823890222000000000e+09
1.072018137000000000e+09
-1.137479923000000000e+09
1.072099533000000000e+09
5.687399620000000000e+08
1.071941529000000000e+09
-1.686608162000000000e+09
1.072066017000000000e+09
-1.686608162000000000e+09
1.072066017000000000e+09
-1.000197863000000000e+09
1.071845768000000000e+09
-1.059033032000000000e+09
1.072104321000000000e+09
-6.864102980000000000e+08
1.071864920000000000e+09
1.039421309000000000e+09
1.071970257000000000e+09
4.902930700000000000e+08
1.071936741000000000e+09
8.040806350000000000e+08
1.071955893000000000e+09
-2.000395727000000000e+09
1.072046865000000000e+09
1.196315092000000000e+09
1.071979833000000000e+09
9.609744180000000000e+08
1.071965469000000000e+09
1.117868200000000000e+09
1.071975045000000000e+09
-7.648571900000000000e+08
1.071860132000000000e+09
1.510102657000000000e+09
1.071998985000000000e+09
-1.294373706000000000e+09
1.072089957000000000e+09
1.745443330000000000e+09
1.072013349000000000e+09
1.353208874000000000e+09
1.071989409000000000e+09
-1.059033032000000000e+09
1.072104321000000000e+09
1.902337113000000000e+09
1.072022925000000000e+09
-1.843501944000000000e+09
1.072056441000000000e+09
-1.059033032000000000e+09
1.072104321000000000e+09
1.039421309000000000e+09
1.071970257000000000e+09
-1.372820597000000000e+09
1.072085169000000000e+09
-1.784666776000000000e+09
1.071797888000000000e+09
1.431655765000000000e+09
1.071994197000000000e+09
1.823890222000000000e+09
1.072018137000000000e+09
8.040806350000000000e+08
1.071955893000000000e+09
-1.451267488000000000e+09
1.072080381000000000e+09
-9.021392490000000000e+08
1.072113897000000000e+09
8.040806350000000000e+08
1.071955893000000000e+09
-7.452454670000000000e+08
1.072123473000000000e+09
-4.510696250000000000e+08
1.071879284000000000e+09
1.196315092000000000e+09
1.071979833000000000e+09
1.961172281000000000e+09
1.071764372000000000e+09
1.666996439000000000e+09
1.072008561000000000e+09
1.980784004000000000e+09
1.072027713000000000e+09
9.609744180000000000e+08
1.071965469000000000e+09
-1.686608162000000000e+09
1.072066017000000000e+09
-1.921948836000000000e+09
1.072051653000000000e+09
-1.157091646000000000e+09
1.071836192000000000e+09
1.902337113000000000e+09
1.072022925000000000e+09
-1.451267488000000000e+09
1.072080381000000000e+09
4.118461790000000000e+08
1.071931953000000000e+09
-1.608161271000000000e+09
1.072070805000000000e+09
-1.059033032000000000e+09
1.072104321000000000e+09
9.021392490000000000e+08
1.072224022000000000e+09
1.274761983000000000e+09
1.071984621000000000e+09
-1.686608162000000000e+09
1.072066017000000000e+09
1.765055053000000000e+09
1.072276690000000000e+09
1.666996439000000000e+09
1.072008561000000000e+09
1.568937825000000000e+09
1.071740432000000000e+09
-2.000395727000000000e+09
1.072046865000000000e+09
-2.098454341000000000e+09
1.071778736000000000e+09
1.431655765000000000e+09
1.071994197000000000e+09
1.431655765000000000e+09
1.071994197000000000e+09
-5.295165160000000000e+08
1.071874496000000000e+09
1.666996439000000000e+09
1.072008561000000000e+09
-5.883516840000000000e+08
1.072133049000000000e+09
-5.883516800000000000e+07
1.071903224000000000e+09
1.039421309000000000e+09
1.071970257000000000e+09
-1.078644755000000000e+09
1.071840980000000000e+09
1.588549548000000000e+09
1.072003773000000000e+09
-2.078842618000000000e+09
1.072042077000000000e+09
2.059230895000000000e+09
1.072032501000000000e+09
1.510102657000000000e+09
1.071998985000000000e+09
-1.686608162000000000e+09
1.072066017000000000e+09
1.117868200000000000e+09
1.071975045000000000e+09
8.825275270000000000e+08
1.071960681000000000e+09
-9.021392490000000000e+08
1.072113897000000000e+09
1.039421309000000000e+09
1.071970257000000000e+09
1.980784004000000000e+09
1.072027713000000000e+09
8.825275270000000000e+08
1.071960681000000000e+09
