-1.086956521739135262e-02
0.000000000000000000e+00
-2.717391304347838155e-02
-2.823995881905790734e-02
-2.173913043478259421e-02
-3.765327842541035114e-02
-5.434782608695676309e-03
-9.413319606352634622e-03
-5.434782608695654105e-02
-5.647991763811542609e-02
-2.173913043478270524e-02
-1.882663921270526924e-02
-2.717391304347838155e-02
-2.823995881905790734e-02
-1.630434782608691791e-02
-4.706659803176298229e-02
1.630434782608702893e-02
-9.413319606352634622e-03
1.086956521739135262e-02
0.000000000000000000e+00
-1.086956521739124160e-02
-3.765327842541035114e-02
1.630434782608702893e-02
-9.413319606352634622e-03
-4.891304347826086474e-02
-8.471987645717332649e-02
0.000000000000000000e+00
-1.882663921270526924e-02
-1.086956521739124160e-02
-3.765327842541035114e-02
3.260869565217394683e-02
3.765327842541035114e-02
5.434782608695565287e-03
-4.706659803176298229e-02
-2.173913043478270524e-02
-1.882663921270526924e-02
-5.434782608695676309e-03
-9.413319606352634622e-03
-1.630434782608702893e-02
-9.413319606352634622e-03
-1.086956521739135262e-02
-1.882663921270526924e-02
-5.434782608695676309e-03
-2.823995881905790734e-02
-1.630434782608691791e-02
-2.823995881905771305e-02
-1.630434782608702893e-02
-9.413319606352634622e-03
3.260869565217405786e-02
1.882663921270526924e-02
-5.434782608695676309e-03
-9.413319606352634622e-03
2.173913043478259421e-02
-5.647991763811562038e-02
-2.717391304347838155e-02
-2.823995881905790734e-02
-5.434782608695676309e-03
-9.413319606352634622e-03
4.891304347826097576e-02
-2.823995881905771305e-02
0.000000000000000000e+00
-1.882663921270526924e-02
-2.717391304347838155e-02
-9.413319606352634622e-03
-2.717391304347827052e-02
-4.706659803176298229e-02
-1.630434782608702893e-02
-2.823995881905790734e-02
-2.717391304347827052e-02
-4.706659803176298229e-02
-4.891304347826086474e-02
-2.823995881905790734e-02
-5.434782608695565287e-03
-4.706659803176298229e-02
-5.978260869565221736e-02
-9.413319606352634622e-03
-3.804347826086962314e-02
-4.706659803176298229e-02
-5.978260869565210633e-02
-2.823995881905771305e-02
-2.173913043478270524e-02
0.000000000000000000e+00
1.086956521739135262e-02
-1.882663921270526924e-02
-1.630434782608702893e-02
-9.413319606352634622e-03
5.434782608695676309e-03
-2.823995881905790734e-02
0.000000000000000000e+00
-7.530655685082070228e-02
-1.630434782608713995e-02
-4.706659803176298229e-02
-1.086956521739135262e-02
-1.882663921270526924e-02
-1.086956521739135262e-02
-1.882663921270526924e-02
-1.630434782608702893e-02
-2.823995881905790734e-02
0.000000000000000000e+00
-1.882663921270526924e-02
0.000000000000000000e+00
1.882663921270526924e-02
-5.434782608695654105e-02
-9.413319606352596458e-02
0.000000000000000000e+00
-1.882663921270526924e-02
1.086956521739135262e-02
-3.765327842541053849e-02
-1.630434782608691791e-02
-4.706659803176298229e-02
-3.260869565217405786e-02
-9.413319606352596458e-02
-8.695652173913037686e-02
-1.882663921270526924e-02
1.086956521739135262e-02
3.765327842541053849e-02
0.000000000000000000e+00
-1.882663921270526924e-02
-5.434782608695643003e-02
-5.647991763811562038e-02
-3.260869565217405786e-02
1.882663921270526924e-02
-3.260869565217394683e-02
-5.647991763811562038e-02
-4.347826086956518843e-02
0.000000000000000000e+00
0.000000000000000000e+00
0.000000000000000000e+00
-3.804347826086962314e-02
-6.589323724446825847e-02
-5.434782608695676309e-03
-2.823995881905790734e-02
-1.630434782608702893e-02
-2.823995881905790734e-02
-5.434782608695676309e-03
-9.413319606352634622e-03
-3.804347826086951212e-02
-8.471987645717332649e-02
1.630434782608702893e-02
-9.413319606352634622e-03
1.086956521739135262e-02
-1.882663921270526924e-02
1.086956521739124160e-02
-3.765327842541035114e-02
-1.521739130434783815e-01
-3.765327842541035114e-02
-4.891304347826075372e-02
2.823995881905771305e-02
-1.195652173913044347e-01
0.000000000000000000e+00
-1.630434782608713995e-02
4.706659803176298229e-02
-2.717391304347815950e-02
-8.471987645717332649e-02
1.086956521739135262e-02
0.000000000000000000e+00
-3.804347826086962314e-02
-2.823995881905771305e-02
-1.630434782608702893e-02
-9.413319606352634622e-03
-5.434782608695676309e-03
-9.413319606352634622e-03
-1.630434782608702893e-02
-9.413319606352634622e-03
-1.086956521739135262e-02
0.000000000000000000e+00
5.434782608695676309e-03
-9.413319606352634622e-03
1.630434782608702893e-02
9.413319606352634622e-03
1.630434782608702893e-02
2.823995881905790734e-02
-1.086956521739124160e-02
3.765327842541035114e-02
3.804347826086951212e-02
9.413319606352634622e-03
-1.141304347826088694e-01
-1.223731548825836846e-01
-8.152173913043481157e-02
4.706659803176298229e-02
6.521739130434778264e-02
-3.765327842541035114e-02
-5.978260869565210633e-02
-1.035465156698784084e-01
2.173913043478270524e-02
-3.765327842541053849e-02
-4.891304347826075372e-02
-2.823995881905771305e-02
-2.173913043478270524e-02
-1.882663921270526924e-02
-3.260869565217394683e-02
-3.765327842541035114e-02
-3.260869565217394683e-02
-3.765327842541035114e-02
-2.173913043478270524e-02
-1.882663921270526924e-02
-2.717391304347827052e-02
-2.823995881905771305e-02
-1.630434782608702893e-02
-9.413319606352634622e-03
-2.173913043478259421e-02
-3.765327842541035114e-02
-2.173913043478270524e-02
1.882663921270526924e-02
-3.260869565217383581e-02
-1.129598352762312408e-01
-5.434782608695676309e-03
-9.413319606352634622e-03
7.608695652173924628e-02
-1.882663921270519292e-01
3.260869565217383581e-02
-1.506131137016414046e-01
-1.413043478260869179e-01
-7.530655685082070228e-02
1.086956521739135262e-02
-5.647991763811542609e-02
-2.173913043478259421e-02
-3.765327842541035114e-02
-5.434782608695676309e-03
-2.823995881905790734e-02
-3.260869565217394683e-02
-3.765327842541035114e-02
-2.173913043478270524e-02
-1.882663921270526924e-02
-1.630434782608702893e-02
-2.823995881905790734e-02
-3.804347826086962314e-02
-2.823995881905771305e-02
-2.173913043478259421e-02
-3.765327842541035114e-02
-1.086956521739135262e-02
-1.882663921270526924e-02
0.000000000000000000e+00
-1.882663921270526924e-02
-4.347826086956529945e-02
-1.882663921270507842e-02
-4.347826086956518843e-02
-9.413319606352596458e-02
-2.173913043478270524e-02
-7.530655685082070228e-02
1.358695652173914636e-01
-8.471987645717332649e-02
-3.260869565217394683e-02
1.882663921270517349e-01
2.173913043478259421e-02
-3.765327842541035114e-02
3.804347826086973416e-02
-9.413319606352634622e-03
3.260869565217405786e-02
-1.882663921270526924e-02
0.000000000000000000e+00
0.000000000000000000e+00
-5.434782608695676309e-03
-9.413319606352634622e-03
-1.086956521739135262e-02
0.000000000000000000e+00
-7.065217391304356997e-02
9.413319606352634622e-03
2.173913043478270524e-02
0.000000000000000000e+00
-1.086956521739124160e-02
-5.647991763811562038e-02
-3.804347826086962314e-02
-1.411997940952889607e-01
-1.032608695652174058e-01
-6.589323724446806418e-02
-1.032608695652174058e-01
9.413319606352634622e-03
-1.032608695652174058e-01
-9.413319606352634622e-03
5.434782608695654105e-02
-1.694397529143466530e-01
-3.478260869565217295e-01
-6.024524548065659513e-01
-1.576086956521739468e-01
-4.706659803176279494e-02
4.347826086956518843e-02
-9.413319606352596458e-02
6.521739130434778264e-02
-7.530655685082089656e-02
-3.260869565217383581e-02
-9.413319606352596458e-02
-5.978260869565221736e-02
-1.035465156698786027e-01
-3.804347826086962314e-02
-2.823995881905771305e-02
-1.086956521739135262e-02
0.000000000000000000e+00
-1.630434782608702893e-02
-9.413319606352634622e-03
-5.434782608695676309e-03
-9.413319606352634622e-03
5.434782608695565287e-03
-6.589323724446825847e-02
1.630434782608702893e-02
-9.413319606352634622e-03
-2.173913043478270524e-02
0.000000000000000000e+00
-3.260869565217383581e-02
1.882663921270526924e-02
-4.891304347826086474e-02
-9.413319606352634622e-03
1.250000000000001110e-01
9.413319606352634622e-03
-1.467391304347825942e-01
8.471987645717332649e-02
-2.173913043478259421e-02
-5.647991763811562038e-02
-5.434782608695643003e-02
-7.530655685082089656e-02
1.086956521739135262e-02
-3.765327842541053849e-02
-1.630434782608702893e-02
-9.413319606352634622e-03
-2.173913043478270524e-02
-1.882663921270526924e-02
1.110223024625156540e-16
-3.765327842541035114e-02
-2.173913043478259421e-02
-3.765327842541035114e-02
-1.630434782608691791e-02
-4.706659803176298229e-02
-1.086956521739124160e-02
-3.765327842541035114e-02
-3.260869565217394683e-02
-5.647991763811562038e-02
-2.717391304347827052e-02
-2.823995881905771305e-02
-2.173913043478259421e-02
-3.765327842541035114e-02
-3.260869565217383581e-02
-5.647991763811542609e-02
2.717391304347827052e-02
-1.411997940952889607e-01
-1.467391304347825942e-01
-6.589323724446806418e-02
-1.467391304347827052e-01
6.589323724446825847e-02
1.086956521739135262e-02
-1.882663921270526924e-02
2.173913043478270524e-02
-7.530655685082070228e-02
3.804347826086951212e-02
-9.413319606352634622e-03
-1.630434782608702893e-02
-9.413319606352634622e-03
-1.086956521739135262e-02
-1.882663921270526924e-02
-1.630434782608691791e-02
-2.823995881905771305e-02
5.434782608695676309e-03
-2.823995881905790734e-02
-3.804347826086951212e-02
-2.823995881905790734e-02
-5.434782608695676309e-03
-2.823995881905790734e-02
-5.434782608695565287e-03
-4.706659803176298229e-02
-5.434782608695676309e-03
-6.589323724446806418e-02
-5.434782608695643003e-02
-1.882663921270507842e-02
-5.434782608695643003e-02
-1.129598352762310465e-01
-6.521739130434778264e-02
3.765327842541035114e-02
8.152173913043481157e-02
-4.706659803176298229e-02
-2.717391304347838155e-02
-1.600264333079940426e-01
4.347826086956529945e-02
-5.647991763811562038e-02
4.347826086956518843e-02
1.882663921270526924e-02
2.717391304347838155e-02
2.823995881905790734e-02
-1.630434782608702893e-02
-9.413319606352634622e-03
-1.630434782608702893e-02
-9.413319606352634622e-03
-1.630434782608702893e-02
-9.413319606352634622e-03
-3.260869565217405786e-02
-1.882663921270526924e-02
-6.521739130434778264e-02
-5.647991763811562038e-02
5.434782608695676309e-03
-9.413319606352634622e-03
-1.630434782608691791e-02
-4.706659803176298229e-02
-1.086956521739135262e-02
0.000000000000000000e+00
-5.434782608695665207e-02
-5.647991763811562038e-02
2.173913043478259421e-02
3.765327842541035114e-02
4.891304347826086474e-02
-1.035465156698786027e-01
4.891304347826086474e-02
-9.413319606352634622e-03
2.717391304347827052e-02
-1.411997940952889607e-01
-5.978260869565210633e-02
-9.413319606352443802e-03
-3.260869565217405786e-02
0.000000000000000000e+00
-2.173913043478270524e-02
1.882663921270526924e-02
-5.434782608695654105e-02
-7.530655685082070228e-02
-3.260869565217405786e-02
-1.882663921270526924e-02
-1.630434782608691791e-02
-4.706659803176298229e-02
-3.260869565217405786e-02
-1.882663921270526924e-02
-5.434782608695676309e-03
-9.413319606352634622e-03
9.239130434782610868e-02
1.600264333079941259e-01
1.086956521739135262e-02
0.000000000000000000e+00
-5.434782608695654105e-02
-9.413319606352596458e-02
4.347826086956518843e-02
-1.882663921270526924e-02
-1.086956521739135262e-02
-7.530655685082070228e-02
-5.434782608695676309e-03
-9.413319606352634622e-03
2.717391304347827052e-02
4.706659803176298229e-02
5.978260869565221736e-02
-1.788530725206992911e-01
-4.347826086956507741e-02
-5.647991763811562038e-02
-4.891304347826097576e-02
-2.823995881905771305e-02
-3.260869565217405786e-02
-1.882663921270526924e-02
-3.260869565217405786e-02
-1.882663921270526924e-02
-7.065217391304356997e-02
-1.035465156698786027e-01
-5.434782608695565287e-03
-4.706659803176298229e-02
-1.630434782608691791e-02
-2.823995881905771305e-02
-5.434782608695565287e-03
-4.706659803176298229e-02
-5.434782608695676309e-03
-9.413319606352634622e-03
-2.717391304347827052e-02
-2.823995881905771305e-02
2.717391304347838155e-02
-2.823995881905790734e-02
-5.978260869565232838e-02
-4.706659803176298229e-02
-1.086956521739135262e-02
0.000000000000000000e+00
5.434782608695787331e-03
-2.823995881905771305e-02
-3.260869565217405786e-02
-1.882663921270526924e-02
2.717391304347815950e-02
9.413319606352634622e-03
-1.630434782608691791e-02
-6.589323724446825847e-02
-2.717391304347827052e-02
-4.706659803176298229e-02
0.000000000000000000e+00
-1.882663921270526924e-02
-1.086956521739135262e-02
-1.882663921270526924e-02
5.434782608695676309e-03
-2.823995881905790734e-02
-1.086956521739124160e-02
-3.765327842541035114e-02
4.891304347826086474e-02
6.589323724446806418e-02
-1.086956521739135262e-02
0.000000000000000000e+00
1.086956521739135262e-02
-1.882663921270526924e-02
-1.630434782608702893e-02
-2.823995881905790734e-02
-2.173913043478270524e-02
1.882663921270526924e-02
-5.434782608695676309e-03
-9.413319606352634622e-03
5.434782608695565287e-03
-4.706659803176298229e-02
-2.717391304347838155e-02
-9.413319606352634622e-03
-5.434782608695676309e-03
-9.413319606352634622e-03
-5.434782608695676309e-03
9.413319606352634622e-03
5.434782608695676309e-03
-2.823995881905790734e-02
5.434782608695676309e-03
-9.413319606352634622e-03
-2.173913043478270524e-02
-1.882663921270526924e-02
-1.086956521739135262e-02
-1.882663921270526924e-02
-5.434782608695676309e-03
-9.413319606352634622e-03
-1.630434782608702893e-02
-9.413319606352634622e-03
-1.086956521739124160e-02
-3.765327842541035114e-02
