1.381173076332834230e-05
1.329034412363696339e-05
-2.915809827813752118e-05
2.658068824727449260e-06
9.207820508885615745e-06
5.316137649454813816e-05
1.534636751480923308e-05
-4.252910119563843599e-05
1.381173076332834230e-05
-2.658068824727355239e-06
5.831619655627493393e-05
-4.784523884509333451e-05
-5.524692305331309816e-05
-1.063227529890970217e-05
-1.074245726036645232e-05
-1.860648177309186021e-05
-3.069273502961841196e-05
-5.316137649454813816e-05
1.688100426629017808e-05
-7.974206474182159737e-06
-1.534636751480923308e-05
-2.126455059781921799e-05
4.757373929590853583e-05
7.176785826764000176e-05
6.445474356219860548e-05
-6.379365179345783355e-05
-2.915809827813752118e-05
-2.658068824727449260e-06
2.455418802369468620e-05
-4.784523884509333451e-05
-4.143519228998481007e-05
2.658068824727355239e-06
-7.212792731960327624e-05
-6.645172061818519133e-05
-3.376200853258013931e-05
-2.126455059781921799e-05
1.381173076332828809e-05
2.392261942254666725e-05
-3.069273502961944195e-06
1.063227529890970217e-05
2.455418802369474041e-05
8.505820239127696684e-05
6.445474356219860548e-05
-4.784523884509333451e-05
-9.361284184033607245e-05
-1.860648177309186021e-05
1.227709401184739731e-05
-2.126455059781930947e-05
-6.752401706516038705e-05
-2.126455059781921799e-05
1.534636751480890782e-06
-7.974206474182252911e-06
-3.222737178109930274e-05
2.658068824727449260e-06
1.534636751480912466e-05
9.037434004073176372e-05
3.222737178109930274e-05
-9.303240886545921637e-05
2.762346152665657618e-05
0.000000000000000000e+00
7.519720082256505780e-05
-3.455489472145617969e-05
-5.678155980479409736e-05
-1.329034412363705826e-05
-3.069273502961841196e-05
-2.658068824727402165e-05
-1.688100426629017808e-05
-1.329034412363705826e-05
2.301955127221379542e-05
2.923875707200147091e-05
-1.074245726036639811e-05
2.392261942254666725e-05
4.603910254442759083e-05
7.442592709236744086e-05
7.212792731960316782e-05
-7.176785826763990689e-05
1.995027776925201385e-05
-7.974206474182252911e-06
4.603910254442753662e-05
-3.189682589672891678e-05
-5.371228630183215317e-05
7.974206474182252911e-06
-1.074245726036639811e-05
-1.860648177309176873e-05
-2.455418802369468620e-05
-1.594841294836450582e-05
1.841564101777101465e-05
9.037434004073176372e-05
6.138547005923671550e-06
4.784523884509333451e-05
1.841564101777101465e-05
5.847751414400294181e-05
7.519720082256505780e-05
-3.455489472145617969e-05
-6.138547005923682392e-05
0.000000000000000000e+00
-2.915809827813735855e-05
-3.987103237091107821e-05
-3.069273502961846617e-05
-3.189682589672882869e-05
-1.841564101777106886e-05
-1.594841294836441434e-05
-1.381173076332834230e-05
-1.860648177309186021e-05
1.841564101777106886e-05
7.442592709236735954e-05
-1.534636751480836572e-06
-2.392261942254666725e-05
7.673183757404616542e-06
7.974206474182159737e-06
7.212792731960327624e-05
-4.518717002036578699e-05
-5.831619655627493393e-05
0.000000000000000000e+00
-2.455418802369474041e-05
-1.594841294836441434e-05
-4.603910254442759083e-05
-2.126455059781921799e-05
1.688100426629017808e-05
2.392261942254666725e-05
-1.381173076332828809e-05
2.658068824727449260e-06
2.148491452073285042e-05
8.505820239127696684e-05
4.910837604738948082e-05
-4.784523884509333451e-05
-3.529664528406124694e-05
-7.974206474182252911e-06
3.069273502961841196e-05
-1.063227529890951413e-05
-5.524692305331315237e-05
0.000000000000000000e+00
-1.074245726036645232e-05
2.923875707200147091e-05
-3.683128203554208351e-05
-2.658068824727402165e-05
6.138547005923682392e-05
7.442592709236744086e-05
-5.421010862427522170e-20
-5.316137649454804499e-06
3.069273502961835775e-05
7.974206474182215642e-05
9.207820508885512746e-05
-3.721296354618363234e-05
-8.593965808293161854e-05
0.000000000000000000e+00
-3.376200853258035615e-05
0.000000000000000000e+00
-1.995027776925195964e-05
7.974206474182159737e-06
-1.227709401184739731e-05
2.126455059781930947e-05
-2.455418802369468620e-05
-1.594841294836450582e-05
1.688100426629017808e-05
1.036646841643688237e-04
5.678155980479404315e-05
-6.113558296873029959e-05
2.608882477517563119e-05
2.392261942254666725e-05
8.900893158589334589e-05
-6.379365179345773869e-05
-5.678155980479409736e-05
-1.860648177309195508e-05
-3.529664528406113852e-05
-3.455489472145636942e-05
4.603910254442834978e-06
-1.329034412363705826e-05
2.915809827813757539e-05
1.860648177309186021e-05
-1.688100426629012387e-05
2.392261942254657239e-05
4.143519228998481007e-05
8.771627121600440594e-05
5.217764955035126238e-05
-7.442592709236744086e-05
1.227709401184739731e-05
-2.126455059781930947e-05
6.905865381664144046e-05
-1.329034412363705826e-05
-6.752401706516049547e-05
-1.063227529890960900e-05
-2.762346152665663039e-05
-2.126455059781930947e-05
-3.990055553850391928e-05
-2.658068824727411651e-05
4.296982904146575506e-05
1.010066153396414659e-04
1.995027776925206806e-05
5.050330766982078038e-05
3.376200853258019352e-05
7.442592709236735954e-05
6.445474356219865969e-05
-5.316137649454813816e-05
-6.905865381664149467e-05
7.974206474182252911e-06
-1.534636751480944993e-06
-2.392261942254666725e-05
-4.603910254442759083e-05
-1.594841294836450582e-05
-7.673183757404616542e-06
-1.329034412363705826e-05
-2.455418802369468620e-05
0.000000000000000000e+00
1.688100426629012387e-05
7.176785826763990689e-05
1.381173076332817967e-05
-3.987103237091117308e-05
1.995027776925201385e-05
1.860648177309186021e-05
6.138547005923676971e-05
-6.379365179345773869e-05
-6.445474356219865969e-05
-5.316137649454804499e-06
-2.301955127221379542e-05
-2.923875707200147091e-05
-3.376200853258019352e-05
-3.189682589672891678e-05
1.227709401184739731e-05
-5.316137649454804499e-06
-1.841564101777106886e-05
-1.594841294836441434e-05
2.608882477517557698e-05
8.240013356654951420e-05
3.376200853258030194e-05
-5.316137649454813816e-05
-2.148491452073285042e-05
-2.658068824727402165e-05
-2.762346152665646776e-05
-1.594841294836450582e-05
2.608882477517557698e-05
9.834854651491401324e-05
1.381173076332828809e-05
7.974206474182347779e-06
1.995027776925190543e-05
6.645172061818519133e-05
6.598938031367955048e-05
-4.518717002036588186e-05
-5.064301279887042581e-05
-7.974206474182159737e-06
1.534636751480890782e-06
-1.329034412363696339e-05
-5.371228630183215317e-05
-7.974206474182252911e-06
-1.534636751480923308e-05
-1.063227529890960900e-05
-3.376200853258013931e-05
-1.594841294836450582e-05
1.381173076332828809e-05
7.708399591709470377e-05
6.138547005923671550e-06
-1.594841294836431947e-05
1.841564101777101465e-05
5.316137649454898519e-06
7.212792731960327624e-05
-6.113558296873029959e-05
-5.217764955035131659e-05
-1.063227529890951413e-05
-1.227709401184728889e-05
-1.594841294836441434e-05
-2.608882477517568540e-05
-4.518717002036597673e-05
1.227709401184745152e-05
1.063227529890960900e-05
1.074245726036639811e-05
7.974206474182159737e-06
2.762346152665652197e-05
9.569047769018657415e-05
4.296982904146580927e-05
-6.379365179345783355e-05
-1.381173076332828809e-05
2.658068824727449260e-06
4.296982904146575506e-05
-2.658068824727402165e-05
-7.059329056812233124e-05
-5.316137649454804499e-06
-1.227709401184745152e-05
1.063227529890960900e-05
-3.222737178109930274e-05
-2.392261942254666725e-05
3.069273502961841196e-05
1.222711659374606805e-04
-1.227709401184745152e-05
-5.316137649454898519e-06
9.207820508885561535e-06
6.379365179345783355e-05
7.519720082256505780e-05
-5.050330766982068551e-05
-2.301955127221379542e-05
-3.455489472145617969e-05
-4.603910254442780767e-06
-7.708399591709479864e-05
-4.603910254442764504e-05
-5.316137649454804499e-06
-1.227709401184739731e-05
-5.316137649454804499e-06
-1.841564101777101465e-05
0.000000000000000000e+00
3.529664528406113852e-05
6.113558296873029959e-05
1.534636751480923308e-05
-4.784523884509333451e-05
2.915809827813752118e-05
4.518717002036588186e-05
7.059329056812227703e-05
-3.721296354618372043e-05
-7.826647432552689358e-05
-2.658068824727449260e-06
6.138547005923725760e-06
-1.594841294836441434e-05
-1.995027776925190543e-05
2.658068824727355239e-06
-2.455418802369479462e-05
1.063227529890960900e-05
-2.301955127221379542e-05
-1.860648177309186021e-05
-1.227709401184739731e-05
-1.594841294836441434e-05
-3.222737178109924853e-05
-2.923875707200147091e-05
9.207820508885561535e-06
0.000000000000000000e+00
-2.915809827813741276e-05
2.658068824727449260e-06
-7.673183757404616542e-06
-2.658068824727449260e-06
1.995027776925195964e-05
8.771627121600431107e-05
9.207820508885507325e-06
-1.063227529890951413e-05
-1.995027776925190543e-05
-1.329034412363696339e-05
1.841564101777101465e-05
1.594841294836450582e-05
6.138547005923676971e-05
-4.784523884509323964e-05
-7.980111107700794699e-05
0.000000000000000000e+00
-3.376200853258024773e-05
-1.063227529890960900e-05
-7.212792731960338466e-05
-2.658068824727355239e-06
-1.688100426629006966e-05
-3.455489472145627456e-05
-6.445474356219865969e-05
-5.316137649454804499e-06
-1.074245726036634390e-05
2.658068824727355239e-06
-2.762346152665646776e-05
-2.126455059781921799e-05
7.519720082256505780e-05
8.771627121600440594e-05
1.995027776925195964e-05
1.860648177309195508e-05
3.376200853258024773e-05
7.974206474182215642e-05
6.292010681071766049e-05
-4.518717002036588186e-05
-1.534636751480923308e-05
-5.316137649454898519e-06
3.376200853258019352e-05
1.063227529890970217e-05
-6.138547005923682392e-05
-5.316137649454898519e-06
-3.376200853258030194e-05
-2.658068824727402165e-05
3.069273502961944195e-06
-1.063227529890970217e-05
3.069273502961835775e-06
-1.063227529890970217e-05
-2.762346152665652197e-05
-1.063227529890970217e-05
3.836591878702302850e-05
6.113558296873029959e-05
9.207820508885507325e-06
5.316137649454804499e-06
3.529664528406108431e-05
9.303240886545921637e-05
6.292010681071771470e-05
-5.581944531927558403e-05
-7.059329056812227703e-05
0.000000000000000000e+00
2.762346152665663039e-05
5.316137649454804499e-06
-4.910837604738942661e-05
5.316137649454804499e-06
-1.534636751480836572e-06
7.974206474182159737e-06
-3.529664528406119273e-05
-2.392261942254666725e-05
1.534636751480917887e-05
2.126455059781930947e-05
-9.207820508885507325e-06
-5.316137649454804499e-06
2.762346152665646776e-05
9.037434004073176372e-05
3.376200853258030194e-05
-6.910978944291264398e-05
-1.534636751480890782e-06
2.658068824727355239e-06
6.292010681071776891e-05
-3.987103237091117308e-05
1.841564101777106886e-05
2.126455059781930947e-05
6.752401706516049547e-05
-5.847751414400294181e-05
-7.673183757404600279e-05
-1.063227529890970217e-05
-1.688100426629006966e-05
-1.860648177309176873e-05
-6.905865381664144046e-05
-5.581944531927548916e-05
4.603910254442780767e-06
-1.329034412363715143e-05
-2.608882477517557698e-05
-7.974206474182252911e-06
4.143519228998486428e-05
9.834854651491410811e-05
4.910837604738942661e-05
-8.505820239127696684e-05
3.069273502961781565e-06
1.063227529890960900e-05
7.059329056812227703e-05
-4.252910119563843599e-05
-9.207820508885507325e-06
5.316137649454804499e-06
6.138547005923676971e-05
-5.316137649454813816e-05
-5.524692305331309816e-05
-5.316137649454804499e-06
6.905865381664138625e-05
-7.176785826763990689e-05
1.688100426629006966e-05
-2.658068824727449260e-06
-2.762346152665652197e-05
-5.316137649454804499e-06
3.376200853258019352e-05
-1.594841294836441434e-05
3.222737178109930274e-05
7.176785826764000176e-05
5.985083330775577051e-05
-8.240013356654960906e-05
2.301955127221379542e-05
7.974206474182252911e-06
6.445474356219871390e-05
-3.721296354618372043e-05
-6.905865381664138625e-05
-1.329034412363696339e-05
-3.222737178109941116e-05
-3.455489472145627456e-05
-4.296982904146570085e-05
5.847751414400294181e-05
-1.074245726036634390e-05
2.658068824727355239e-06
-3.836591878702302850e-05
-7.974206474182252911e-06
3.529664528406119273e-05
8.240013356654960906e-05
6.138547005923682392e-05
-8.505820239127706171e-05
1.534636751480912466e-05
5.316137649454898519e-06
7.059329056812227703e-05
-3.189682589672882869e-05
-5.985083330775587893e-05
2.658068824727449260e-06
-2.148491452073290463e-05
-3.189682589672882869e-05
-1.074245726036645232e-05
-1.860648177309186021e-05
2.301955127221390384e-05
1.860648177309186021e-05
-9.207820508885561535e-06
2.126455059781921799e-05
3.222737178109930274e-05
7.708399591709470377e-05
4.757373929590853583e-05
-7.176785826764000176e-05
-1.227709401184734310e-05
0.000000000000000000e+00
5.985083330775587893e-05
-2.658068824727449260e-06
-4.603910254442759083e-05
-5.316137649454898519e-06
-1.534636751480907045e-05
-1.594841294836441434e-05
-5.217764955035131659e-05
-3.189682589672891678e-05
2.148491452073290463e-05
6.379365179345765737e-05
-9.207820508885453115e-06
0.000000000000000000e+00
1.534636751480923308e-05
7.974206474182215642e-05
-4.603910254442726557e-06
7.974206474182159737e-06
2.762346152665657618e-05
9.037434004073176372e-05
3.069273502961835775e-05
-2.126455059781921799e-05
2.762346152665657618e-05
4.784523884509333451e-05
7.673183757404594858e-05
-4.784523884509333451e-05
-5.217764955035131659e-05
-5.316137649454804499e-06
-9.207820508885507325e-06
-1.063227529890970217e-05
-6.445474356219865969e-05
-1.063227529890951413e-05
-2.915809827813752118e-05
-2.658068824727449260e-06
-6.292010681071776891e-05
-4.518717002036588186e-05
3.222737178109941116e-05
7.176785826764000176e-05
9.207820508885561535e-06
1.063227529890960900e-05
2.608882477517557698e-05
8.240013356654951420e-05
4.143519228998491849e-05
-7.708399591709479864e-05
-4.603910254442834978e-06
-7.974206474182347779e-06
4.757373929590842741e-05
-2.392261942254666725e-05
-3.836591878702297429e-05
2.658068824727449260e-06
-3.069273502961846617e-05
-3.721296354618372043e-05
-4.143519228998486428e-05
-3.455489472145627456e-05
3.836591878702302850e-05
1.089808218138236341e-04
-7.673183757404562332e-06
-2.658068824727355239e-06
1.381173076332834230e-05
6.645172061818519133e-05
7.826647432552694779e-05
-5.581944531927558403e-05
-2.148491452073290463e-05
-2.126455059781921799e-05
1.074245726036639811e-05
2.658068824727449260e-06
-6.292010681071766049e-05
1.860648177309176873e-05
-1.688100426629012387e-05
-2.392261942254657239e-05
-4.143519228998486428e-05
-2.392261942254666725e-05
0.000000000000000000e+00
9.569047769018666902e-05
-6.138547005923671550e-06
-5.316137649454898519e-06
1.688100426629001545e-05
5.050330766982068551e-05
7.519720082256505780e-05
-3.987103237091107821e-05
-4.143519228998486428e-05
-1.329034412363705826e-05
0.000000000000000000e+00
-8.505820239127706171e-05
-4.143519228998486428e-05
2.658068824727449260e-06
-3.069273502961944195e-06
1.063227529890970217e-05
-2.762346152665652197e-05
-1.063227529890970217e-05
1.841564101777101465e-05
7.974206474182215642e-05
3.069273502961889985e-06
0.000000000000000000e+00
1.841564101777101465e-05
4.784523884509333451e-05
7.519720082256505780e-05
-5.050330766982068551e-05
-3.222737178109930274e-05
-7.974206474182159737e-06
3.069273502961846617e-05
0.000000000000000000e+00
-5.678155980479404315e-05
1.329034412363715143e-05
-2.301955127221379542e-05
-3.455489472145617969e-05
-1.074245726036634390e-05
-2.923875707200147091e-05
1.074245726036650653e-05
2.658068824727449260e-06
-1.995027776925201385e-05
7.974206474182252911e-06
3.683128203554202930e-05
7.974206474182215642e-05
4.603910254442780767e-06
-3.987103237091107821e-05
2.455418802369468620e-05
6.910978944291254911e-05
6.292010681071776891e-05
-4.518717002036588186e-05
-1.688100426629017808e-05
-1.329034412363705826e-05
6.598938031367965890e-05
-3.455489472145627456e-05
-5.524692305331304395e-05
0.000000000000000000e+00
-3.222737178109935695e-05
-3.455489472145617969e-05
-1.074245726036639811e-05
-3.455489472145627456e-05
1.841564101777096044e-05
-1.063227529890970217e-05
1.227709401184734310e-05
0.000000000000000000e+00
2.148491452073279621e-05
9.037434004073176372e-05
1.074245726036650653e-05
-2.923875707200137604e-05
1.688100426629006966e-05
2.658068824727449260e-06
7.826647432552683937e-05
-5.050330766982068551e-05
-4.603910254442759083e-05
-1.063227529890960900e-05
-4.603910254442834978e-06
-2.923875707200137604e-05
-1.227709401184728889e-05
-5.316137649454813816e-05
1.534636751480890782e-06
-1.329034412363715143e-05
-4.603910254442726557e-06
2.658068824727449260e-06
7.673183757404670752e-06
9.303240886545912150e-05
-5.524692305331309816e-05
1.063227529890970217e-05
-1.534636751480907045e-05
-1.594841294836441434e-05
-3.069273502961835775e-05
-2.126455059781921799e-05
4.603910254442769925e-05
9.569047769018666902e-05
-3.069273502961835775e-06
1.594841294836441434e-05
3.376200853258024773e-05
7.974206474182215642e-05
7.212792731960327624e-05
-3.987103237091107821e-05
-2.148491452073285042e-05
-1.063227529890970217e-05
5.985083330775587893e-05
-1.860648177309176873e-05
-6.905865381664144046e-05
7.974206474182159737e-06
-2.915809827813752118e-05
-2.392261942254666725e-05
-1.074245726036634390e-05
-2.392261942254657239e-05
1.227709401184745152e-05
1.063227529890960900e-05
-3.069273502961835775e-06
5.316137649454804499e-06
3.222737178109930274e-05
8.771627121600431107e-05
6.292010681071771470e-05
-6.645172061818519133e-05
-3.990055553850391928e-05
-2.658068824727411651e-05
6.598938031367965890e-05
-2.392261942254666725e-05
-7.212792731960333045e-05
7.974206474182159737e-06
-9.054356833737429089e-05
-3.987103237091107821e-05
-7.059329056812227703e-05
-4.784523884509333451e-05
6.598938031367955048e-05
1.860648177309195508e-05
3.376200853258030194e-05
-5.316137649454804499e-06
3.069273502961835775e-05
9.037434004073176372e-05
7.212792731960333045e-05
-6.113558296873039446e-05
1.995027776925195964e-05
-2.392261942254666725e-05
6.292010681071776891e-05
-3.455489472145627456e-05
-4.450446579294670005e-05
1.860648177309186021e-05
-1.841564101777106886e-05
-1.594841294836441434e-05
-2.148491452073285042e-05
-3.189682589672891678e-05
4.450446579294670005e-05
7.176785826763990689e-05
-1.688100426629001545e-05
-2.658068824727355239e-06
3.069273502961841196e-05
1.010066153396414659e-04
3.069273502961841196e-05
-5.316137649454813816e-05
2.608882477517563119e-05
2.392261942254666725e-05
6.905865381664138625e-05
-5.050330766982068551e-05
-5.064301279887037160e-05
-2.658068824727355239e-06
2.915809827813741276e-05
-2.923875707200137604e-05
-6.445474356219871390e-05
5.316137649454898519e-06
-2.762346152665657618e-05
-1.594841294836450582e-05
-4.910837604738948082e-05
-3.721296354618372043e-05
-2.762346152665657618e-05
0.000000000000000000e+00
-3.990055553850386507e-05
-5.316137649454804499e-06
1.227709401184739731e-05
8.505820239127696684e-05
-2.148491452073285042e-05
1.594841294836441434e-05
2.608882477517568540e-05
1.036646841643689185e-04
1.028206623492216882e-04
-2.392261942254666725e-05
1.995027776925190543e-05
5.050330766982068551e-05
6.598938031367955048e-05
-3.455489472145627456e-05
-1.227709401184734310e-05
1.063227529890960900e-05
3.683128203554202930e-05
2.658068824727411651e-05
-5.831619655627493393e-05
1.382195788858250982e-04
1.534636751480944993e-06
6.113558296873039446e-05
-4.910837604738948082e-05
-1.116388906385509783e-04
-3.683128203554213772e-05
-7.442592709236744086e-05
-2.608882477517557698e-05
-1.860648177309186021e-05
-4.603910254442672347e-06
-1.860648177309186021e-05
-2.608882477517563119e-05
-6.113558296873039446e-05
2.762346152665657618e-05
5.316137649454898519e-06
-1.074245726036639811e-05
-7.974206474182159737e-06
1.995027776925190543e-05
8.771627121600440594e-05
2.608882477517568540e-05
-3.987103237091107821e-05
1.074245726036650653e-05
1.329034412363705826e-05
6.292010681071766049e-05
-5.581944531927548916e-05
-3.376200853258024773e-05
-1.063227529890960900e-05
6.445474356219865969e-05
-2.126455059781930947e-05
-5.831619655627493393e-05
-5.316137649454898519e-06
-3.069273502961889985e-06
-2.126455059781921799e-05
-2.608882477517568540e-05
7.974206474182252911e-06
-9.207820508885561535e-06
-5.316137649454710478e-06
-1.995027776925201385e-05
-1.860648177309186021e-05
1.688100426629012387e-05
1.860648177309186021e-05
7.673183757404562332e-06
2.658068824727355239e-06
3.529664528406113852e-05
8.240013356654951420e-05
5.217764955035120817e-05
-5.316137649454813816e-05
1.995027776925201385e-05
-2.658068824727355239e-06
8.287038457996978276e-05
-3.189682589672891678e-05
-3.069273502961841196e-05
-1.063227529890970217e-05
-3.069273502961727355e-06
-3.189682589672891678e-05
-1.074245726036639811e-05
2.923875707200156577e-05
-2.148491452073290463e-05
0.000000000000000000e+00
-3.836591878702297429e-05
-3.455489472145627456e-05
4.757373929590853583e-05
5.581944531927548916e-05
1.074245726036644148e-04
-2.658068824727411651e-05
4.450446579294664584e-05
4.518717002036588186e-05
-9.054356833737429089e-05
-7.974206474182252911e-06
-3.683128203554202930e-05
1.169550282880058836e-04
6.445474356219860548e-05
-9.037434004073176372e-05
-1.688100426629006966e-05
1.329034412363705826e-05
8.133574782848878356e-05
-2.392261942254666725e-05
-3.529664528406119273e-05
-1.329034412363705826e-05
1.227709401184728889e-05
5.316137649454804499e-06
-6.905865381664144046e-05
1.329034412363705826e-05
-2.148491452073285042e-05
-2.126455059781930947e-05
-5.217764955035137080e-05
0.000000000000000000e+00
-2.148491452073285042e-05
1.594841294836441434e-05
-4.910837604738948082e-05
-3.721296354618372043e-05
1.074245726036639811e-05
2.923875707200156577e-05
-6.138547005923671550e-06
1.063227529890960900e-05
1.074245726036650653e-05
9.303240886545921637e-05
-3.069273502961835775e-06
-5.316137649454804499e-06
2.455418802369474041e-05
6.379365179345773869e-05
7.212792731960316782e-05
-5.050330766982068551e-05
-1.227709401184739731e-05
-5.316137649454804499e-06
5.371228630183220738e-05
-2.923875707200156577e-05
-7.519720082256522043e-05
-7.974206474182159737e-06
-3.376200853258030194e-05
-1.594841294836441434e-05
-3.529664528406119273e-05
2.658068824727449260e-06
-3.069273502961835775e-06
5.316137649454804499e-06
-4.757373929590853583e-05
-2.392261942254666725e-05
1.534636751480917887e-05
1.063227529890951413e-05
-9.207820508885453115e-06
1.063227529890960900e-05
3.069273502961835775e-05
9.037434004073176372e-05
1.074245726036639811e-05
-4.518717002036588186e-05
-1.227709401184739731e-05
1.594841294836441434e-05
7.212792731960327624e-05
-2.923875707200147091e-05
-4.603910254442753662e-05
-1.063227529890970217e-05
1.841564101777112307e-05
-4.784523884509333451e-05
-1.534636751480923308e-05
-3.189682589672882869e-05
2.148491452073290463e-05
1.063227529890960900e-05
-1.534636751480944993e-06
7.974206474182159737e-06
4.757373929590848162e-05
7.708399591709479864e-05
9.514747859181701744e-05
-4.252910119563853086e-05
1.995027776925201385e-05
-2.658068824727355239e-06
7.826647432552689358e-05
-3.987103237091117308e-05
-2.301955127221379542e-05
-2.658068824727355239e-06
1.074245726036650653e-05
1.860648177309195508e-05
-5.831619655627487972e-05
-1.063227529890970217e-05
-2.455418802369474041e-05
-4.252910119563853086e-05
-6.292010681071766049e-05
2.392261942254666725e-05
-1.841564101777106886e-05
-5.316137649454804499e-06
-3.990055553850397349e-05
-3.721296354618363234e-05
3.069273502961841196e-05
5.316137649454804499e-06
-3.069273502961835775e-06
-5.316137649454804499e-06
1.381173076332839651e-05
1.089808218138237154e-04
1.534636751480912466e-05
-4.784523884509333451e-05
1.074245726036639811e-05
2.392261942254666725e-05
7.519720082256505780e-05
-2.923875707200147091e-05
-3.222737178109935695e-05
-7.974206474182252911e-06
1.534636751480912466e-05
0.000000000000000000e+00
-5.678155980479409736e-05
-2.923875707200137604e-05
-1.534636751480917887e-05
-5.316137649454804499e-06
-2.608882477517568540e-05
-4.518717002036597673e-05
3.529664528406119273e-05
8.240013356654960906e-05
4.603910254442780767e-06
-2.658068824727355239e-06
3.376200853258019352e-05
8.505820239127696684e-05
1.058899358521834698e-04
-6.645172061818509647e-05
6.598938031367960469e-05
-1.329034412363696339e-05
6.292010681071766049e-05
-6.645172061818528620e-05
-1.319787606273591552e-04
1.594841294836441434e-05
-7.366256407108411281e-05
-5.316137649454804499e-06
-5.064301279887037160e-05
-1.860648177309186021e-05
-2.608882477517563119e-05
2.658068824727449260e-06
-1.995027776925195964e-05
2.658068824727449260e-06
2.608882477517568540e-05
7.708399591709479864e-05
-1.074245726036650653e-05
7.974206474182159737e-06
2.455418802369468620e-05
9.037434004073176372e-05
4.757373929590848162e-05
-5.050330766982068551e-05
-2.915809827813752118e-05
-2.658068824727449260e-06
4.910837604738937240e-05
-1.063227529890960900e-05
-5.217764955035126238e-05
1.063227529890960900e-05
-1.381173076332828809e-05
-1.860648177309176873e-05
-5.371228630183226159e-05
-3.987103237091107821e-05
-7.673183757404616542e-06
-7.974206474182159737e-06
-3.069273502961835775e-05
-3.189682589672882869e-05
2.455418802369484883e-05
8.505820239127696684e-05
1.074245726036639811e-05
7.974206474182159737e-06
3.529664528406119273e-05
8.240013356654960906e-05
7.366256407108416702e-05
-7.442592709236744086e-05
-1.534636751480917887e-05
-1.063227529890970217e-05
4.296982904146570085e-05
-2.126455059781921799e-05
-6.752401706516049547e-05
-2.126455059781921799e-05
-2.455418802369479462e-05
-3.189682589672882869e-05
-2.148491452073285042e-05
5.316137649454804499e-06
-6.138547005923617340e-06
-5.316137649454804499e-06
-2.762346152665646776e-05
0.000000000000000000e+00
3.376200853258024773e-05
7.442592709236744086e-05
6.905865381664133204e-05
-2.392261942254666725e-05
-2.915809827813752118e-05
3.987103237091117308e-05
1.596022221540157313e-04
-5.847751414400284694e-05
1.795524999232675284e-04
-1.142969594632785258e-04
1.503944016451302240e-04
-7.974206474182215642e-05
-6.752401706516060389e-05
5.316137649454898519e-06
-1.534636751480782362e-06
-2.923875707200147091e-05
-4.910837604738942661e-05
-2.126455059781930947e-05
-1.074245726036634390e-05
-1.329034412363696339e-05
6.138547005923725760e-06
5.316137649454804499e-06
-2.148491452073295884e-05
-2.126455059781912313e-05
-5.678155980479409736e-05
-1.329034412363705826e-05
6.138547005923617340e-06
5.316137649454804499e-06
-4.143519228998491849e-05
-7.974206474182252911e-06
3.069273502961835775e-05
7.974206474182215642e-05
9.207820508885453115e-06
0.000000000000000000e+00
3.529664528406113852e-05
8.771627121600440594e-05
2.455418802369479462e-05
-4.784523884509333451e-05
2.915809827813741276e-05
4.518717002036588186e-05
-3.069273502961944195e-06
-1.329034412363703014e-04
-1.995027776925201385e-05
-1.860648177309186021e-05
8.440502133145067355e-05
-3.987103237091117308e-05
-5.524692305331315237e-05
-5.316137649454898519e-06
2.455418802369457778e-05
0.000000000000000000e+00
-4.757373929590864425e-05
-2.658068824727449260e-06
-6.138547005923563130e-06
-3.721296354618372043e-05
-5.064301279887048002e-05
-2.658068824727355239e-06
-4.450446579294670005e-05
-7.974206474182252911e-06
-1.227709401184734310e-05
-4.252910119563843599e-05
6.138547005923725760e-06
1.594841294836441434e-05
-1.688100426629006966e-05
2.658068824727449260e-06
7.826647432552689358e-05
3.455489472145627456e-05
-1.381173076332817967e-05
1.329034412363705826e-05
7.059329056812233124e-05
1.329034412363703014e-04
-2.148491452073290463e-05
-1.860648177309184327e-04
-2.286608759706570634e-04
-2.684649512974680418e-04
-1.503944016451301156e-04
-1.063227529890962763e-04
3.376200853258024773e-05
6.379365179345783355e-05
7.980111107700789278e-05
-6.379365179345773869e-05
-6.752401706516049547e-05
-2.658068824727411651e-05
8.747429483441245511e-05
2.658068824727449260e-06
-4.910837604738942661e-05
1.063227529890970217e-05
-5.217764955035120817e-05
-5.316137649454804499e-06
-3.529664528406124694e-05
-7.974206474182252911e-06
3.069273502961781565e-06
0.000000000000000000e+00
-4.603910254442759083e-05
-1.594841294836450582e-05
9.207820508885561535e-06
3.721296354618372043e-05
9.207820508885561535e-06
0.000000000000000000e+00
1.688100426629017808e-05
1.036646841643688237e-04
1.227709401184734310e-05
-1.594841294836450582e-05
2.608882477517568540e-05
3.987103237091107821e-05
5.985083330775593314e-05
-6.113558296873029959e-05
6.138547005923725760e-06
-4.252910119563853086e-05
6.752401706516044126e-05
-4.784523884509323964e-05
-7.826647432552700200e-05
-7.974206474182159737e-06
6.138547005923682392e-05
-3.721296354618372043e-05
-5.985083330775577051e-05
-1.329034412363705826e-05
-9.207820508885507325e-06
-1.063227529890970217e-05
-4.603910254442753662e-05
2.126455059781930947e-05
-1.995027776925201385e-05
-2.392261942254657239e-05
-1.074245726036650653e-05
-7.974206474182347779e-06
9.207820508885453115e-06
5.316137649454898519e-06
-2.148491452073290463e-05
0.000000000000000000e+00
3.069273502961835775e-06
6.910978944291245425e-05
4.603910254442672347e-06
1.329034412363696339e-05
3.836591878702297429e-05
9.303240886545921637e-05
-4.910837604738942661e-05
-5.316137649454813816e-05
-1.718793161658630744e-04
1.222711659374606805e-04
2.455418802369468620e-05
0.000000000000000000e+00
-1.688100426629017808e-05
-4.518717002036588186e-05
2.608882477517568540e-05
-2.658068824727355239e-06
-5.217764955035126238e-05
3.721296354618372043e-05
-1.227709401184734310e-05
-1.594841294836431947e-05
-3.069273502961846617e-05
-1.594841294836450582e-05
3.529664528406119273e-05
3.455489472145627456e-05
-1.381173076332823388e-05
1.860648177309186021e-05
3.222737178109924853e-05
8.771627121600440594e-05
3.222737178109935695e-05
-6.113558296873029959e-05
3.529664528406119273e-05
6.113558296873039446e-05
6.292010681071776891e-05
-3.455489472145627456e-05
-1.197016666155118121e-04
-5.316137649454804499e-06
2.762346152665657618e-05
-5.316137649454898519e-06
-5.371228630183220738e-05
2.658068824727449260e-06
1.381173076332828809e-05
-1.329034412363705826e-05
-1.688100426629001545e-05
-4.518717002036597673e-05
1.227709401184734310e-05
-5.316137649454898519e-06
-2.915809827813752118e-05
-2.392261942254666725e-05
9.207820508885561535e-06
7.974206474182215642e-05
9.207820508885507325e-06
-1.063227529890951413e-05
3.069273502961841196e-05
5.316137649454813816e-05
6.445474356219865969e-05
-5.316137649454813816e-05
0.000000000000000000e+00
-5.316137649454898519e-06
6.598938031367965890e-05
-3.455489472145627456e-05
-5.985083330775587893e-05
2.658068824727449260e-06
-1.995027776925201385e-05
-1.329034412363696339e-05
-4.296982904146575506e-05
-5.316137649454804499e-06
-1.995027776925201385e-05
-2.658068824727355239e-06
3.069273502961727355e-06
-3.721296354618363234e-05
5.524692305331304395e-05
-1.594841294836450582e-05
-3.990055553850391928e-05
-1.594841294836450582e-05
-3.836591878702302850e-05
1.249292347621881467e-04
-1.381173076332823388e-05
-1.329034412363696339e-05
1.841564101777106886e-05
2.658068824727402165e-05
7.366256407108416702e-05
-2.658068824727411651e-05
-5.524692305331309816e-05
1.063227529890970217e-05
-1.995027776925190543e-05
-1.860648177309186021e-05
-4.757373929590853583e-05
-7.974206474182347779e-06
-2.148491452073290463e-05
2.658068824727411651e-05
-3.069273502961830354e-05
-1.063227529890970217e-05
1.074245726036645232e-05
7.708399591709479864e-05
-1.227709401184739731e-05
5.316137649454804499e-06
3.990055553850386507e-05
9.037434004073185859e-05
3.529664528406108431e-05
-5.050330766982078038e-05
2.915809827813746697e-05
5.581944531927558403e-05
6.905865381664144046e-05
-4.518717002036588186e-05
-8.440502133145056513e-05
-1.329034412363705826e-05
2.608882477517557698e-05
-7.974206474182252911e-06
-5.985083330775587893e-05
2.658068824727449260e-06
-1.534636751480912466e-05
-1.063227529890960900e-05
-2.608882477517563119e-05
-4.518717002036588186e-05
-9.207820508885561535e-06
-5.316137649454898519e-06
-2.608882477517568540e-05
-1.860648177309186021e-05
3.376200853258019352e-05
9.569047769018657415e-05
-4.603910254442834978e-06
2.658068824727449260e-06
2.762346152665652197e-05
9.569047769018657415e-05
6.905865381664138625e-05
-4.518717002036578699e-05
-4.603910254442780767e-06
1.860648177309186021e-05
4.757373929590859004e-05
-5.050330766982068551e-05
-8.747429483441256353e-05
-1.860648177309176873e-05
-6.138547005923671550e-06
1.063227529890960900e-05
-6.598938031367965890e-05
3.987103237091098334e-05
-1.227709401184734310e-05
1.594841294836431947e-05
-2.915809827813741276e-05
-1.329034412363705826e-05
3.683128203554208351e-05
1.594841294836441434e-05
-1.995027776925195964e-05
-2.392261942254666725e-05
1.841564101777101465e-05
7.974206474182215642e-05
2.455418802369474041e-05
5.316137649454804499e-06
2.148491452073285042e-05
6.379365179345773869e-05
6.292010681071771470e-05
-6.113558296873029959e-05
3.683128203554202930e-05
-3.721296354618372043e-05
6.752401706516054968e-05
-3.189682589672891678e-05
-6.445474356219871390e-05
0.000000000000000000e+00
2.608882477517563119e-05
-1.329034412363705826e-05
-4.296982904146564664e-05
5.316137649454804499e-06
-2.455418802369474041e-05
-1.594841294836441434e-05
-1.381173076332817967e-05
-4.518717002036588186e-05
1.084202172485504434e-19
-2.126455059781921799e-05
-3.529664528406119273e-05
-3.455489472145627456e-05
1.995027776925195964e-05
7.176785826764000176e-05
6.138547005923725760e-06
-1.063227529890970217e-05
2.762346152665652197e-05
6.910978944291264398e-05
5.985083330775587893e-05
-6.645172061818528620e-05
-1.381173076332828809e-05
2.658068824727449260e-06
6.292010681071771470e-05
-7.974206474182252911e-06
-5.217764955035126238e-05
0.000000000000000000e+00
-1.381173076332817967e-05
-5.050330766982078038e-05
-6.598938031367955048e-05
-6.645172061818509647e-05
1.534636751480999203e-06
7.974206474182252911e-06
-2.762346152665657618e-05
-1.594841294836450582e-05
5.371228630183220738e-05
7.176785826764000176e-05
-1.534636751480928729e-05
-1.594841294836441434e-05
8.287038457996967434e-05
3.721296354618363234e-05
5.371228630183220738e-05
-8.240013356654960906e-05
-3.836591878702302850e-05
5.581944531927558403e-05
-9.207820508885453115e-06
3.189682589672901164e-05
-4.603910254442769925e-05
4.784523884509333451e-05
6.598938031367960469e-05
-1.860648177309186021e-05
-5.678155980479398894e-05
2.658068824727449260e-06
-3.529664528406119273e-05
2.658068824727449260e-06
-7.980111107700789278e-05
-5.316137649454813816e-05
1.534636751480999203e-06
-7.974206474182252911e-06
-2.915809827813746697e-05
2.658068824727355239e-06
7.212792731960333045e-05
9.834854651491410811e-05
1.534636751480944993e-06
7.974206474182159737e-06
3.222737178109930274e-05
9.303240886545921637e-05
3.836591878702302850e-05
-6.113558296873029959e-05
-1.534636751480944993e-06
-2.392261942254666725e-05
8.133574782848878356e-05
-5.050330766982078038e-05
-6.445474356219855127e-05
-1.594841294836441434e-05
-1.074245726036650653e-05
-2.392261942254666725e-05
-9.361284184033612666e-05
-6.645172061818509647e-05
-2.455418802369474041e-05
-2.126455059781930947e-05
-3.683128203554197509e-05
-2.658068824727402165e-05
3.222737178109930274e-05
2.392261942254666725e-05
-9.207820508885561535e-06
-2.126455059781921799e-05
3.529664528406113852e-05
8.771627121600440594e-05
-2.148491452073290463e-05
-5.316137649454710478e-06
3.376200853258030194e-05
5.316137649454813816e-05
6.752401706516049547e-05
-4.784523884509333451e-05
1.227709401184734310e-05
7.442592709236744086e-05
2.301955127221390384e-05
-7.708399591709479864e-05
2.301955127221374121e-05
-3.455489472145627456e-05
5.831619655627498814e-05
-4.252910119563853086e-05
-1.304441238758781560e-04
-5.050330766982078038e-05
-5.371228630183226159e-05
-3.987103237091107821e-05
-2.301955127221379542e-05
4.518717002036597673e-05
1.350480341303209367e-04
3.721296354618381530e-05
1.227709401184728889e-05
1.594841294836441434e-05
-2.148491452073290463e-05
1.063227529890960900e-05
-7.673183757404670752e-06
-1.860648177309186021e-05
4.143519228998491849e-05
2.923875707200147091e-05
-2.762346152665652197e-05
5.316137649454804499e-06
1.074245726036645232e-05
-7.974206474182252911e-06
-6.598938031367949627e-05
-1.860648177309186021e-05
1.074245726036650653e-05
-1.329034412363705826e-05
2.608882477517573961e-05
7.176785826764000176e-05
-1.841564101777101465e-05
-2.126455059781921799e-05
3.683128203554208351e-05
9.569047769018657415e-05
-1.534636751480923308e-05
5.316137649454898519e-06
2.608882477517563119e-05
8.240013356654960906e-05
1.074245726036650653e-05
-3.455489472145627456e-05
2.762346152665657618e-05
8.505820239127706171e-05
4.603910254442759083e-05
-5.847751414400294181e-05
1.534636751480917887e-05
2.126455059781912313e-05
7.980111107700778436e-05
-4.252910119563853086e-05
-6.138547005923617340e-06
-1.063227529890951413e-05
6.752401706516038705e-05
-2.658068824727411651e-05
-5.524692305331315237e-05
-5.316137649454710478e-06
-1.841564101777101465e-05
-5.847751414400294181e-05
-6.598938031367949627e-05
1.329034412363696339e-05
-1.381173076332817967e-05
-1.860648177309176873e-05
-4.603910254442764504e-05
-2.658068824727402165e-05
-5.217764955035131659e-05
5.316137649454804499e-06
-1.688100426629012387e-05
-2.923875707200147091e-05
4.603910254442726557e-06
-7.974206474182159737e-06
-4.450446579294675426e-05
1.329034412363705826e-05
-1.534636751480917887e-05
5.316137649454813816e-05
-9.207820508885561535e-06
-4.784523884509333451e-05
6.905865381664133204e-05
7.974206474182159737e-06
3.529664528406113852e-05
-4.518717002036597673e-05
5.217764955035126238e-05
9.569047769018666902e-05
4.910837604738942661e-05
-9.569047769018657415e-05
1.074245726036645232e-05
7.974206474182252911e-06
9.361284184033612666e-05
-4.518717002036588186e-05
-4.757373929590864425e-05
-1.860648177309176873e-05
2.915809827813746697e-05
-2.923875707200147091e-05
-5.524692305331304395e-05
-1.063227529890960900e-05
-1.688100426629001545e-05
-1.329034412363696339e-05
-4.143519228998486428e-05
-3.455489472145627456e-05
1.227709401184734310e-05
3.721296354618372043e-05
-1.534636751480917887e-05
-5.316137649454804499e-06
1.995027776925190543e-05
8.771627121600440594e-05
4.450446579294670005e-05
-3.987103237091107821e-05
3.069273502961889985e-06
-5.316137649454898519e-06
6.905865381664138625e-05
-5.050330766982068551e-05
-5.217764955035126238e-05
-5.316137649454898519e-06
-2.455418802369468620e-05
-2.126455059781921799e-05
-4.296982904146575506e-05
-2.658068824727402165e-05
3.069273502961841196e-05
4.252910119563853086e-05
1.534636751480923308e-05
2.658068824727411651e-05
2.301955127221379542e-05
8.771627121600440594e-05
5.217764955035120817e-05
-5.316137649454813816e-05
-6.292010681071771470e-05
-2.658068824727355239e-06
2.762346152665652197e-05
1.063227529890970217e-05
-5.678155980479398894e-05
2.392261942254666725e-05
-7.673183757404508122e-06
-2.658068824727449260e-06
-2.915809827813752118e-05
-2.923875707200156577e-05
2.762346152665652197e-05
5.847751414400303668e-05
-9.207820508885507325e-06
3.721296354618363234e-05
3.376200853258019352e-05
7.442592709236735954e-05
6.598938031367949627e-05
-5.050330766982068551e-05
-8.593965808293151012e-05
-2.658068824727411651e-05
4.603910254442780767e-06
-4.518717002036597673e-05
-3.990055553850391928e-05
-2.126455059781921799e-05
-1.381173076332828809e-05
-2.658068824727449260e-06
-3.529664528406108431e-05
-2.658068824727449260e-06
9.207820508885507325e-06
7.442592709236735954e-05
9.207820508885507325e-06
-2.658068824727402165e-05
1.995027776925201385e-05
2.923875707200147091e-05
5.831619655627498814e-05
-7.442592709236735954e-05
-8.593965808293161854e-05
-1.594841294836431947e-05
-3.069273502961846617e-05
-2.126455059781921799e-05
-3.376200853258024773e-05
-1.063227529890960900e-05
-1.534636751480907045e-05
5.316137649454804499e-06
-3.376200853258019352e-05
-5.316137649454804499e-06
6.138547005923671550e-06
6.910978944291254911e-05
6.598938031367955048e-05
-8.771627121600450081e-05
1.688100426629012387e-05
-2.658068824727355239e-06
6.905865381664144046e-05
-3.987103237091117308e-05
-5.985083330775593314e-05
-2.392261942254657239e-05
4.450446579294659163e-05
-1.329034412363696339e-05
-5.678155980479398894e-05
1.329034412363705826e-05
-2.455418802369474041e-05
-2.126455059781930947e-05
-7.212792731960333045e-05
-2.392261942254666725e-05
-7.673183757404562332e-06
1.329034412363696339e-05
-1.381173076332823388e-05
1.860648177309186021e-05
6.445474356219871390e-05
9.037434004073176372e-05
2.455418802369468620e-05
-3.189682589672882869e-05
9.207820508885453115e-06
1.594841294836431947e-05
7.366256407108422123e-05
-5.316137649454813816e-05
-5.371228630183220738e-05
-2.658068824727449260e-06
-3.069273502961889985e-06
-4.784523884509333451e-05
-3.376200853258035615e-05
-4.252910119563843599e-05
1.688100426629006966e-05
1.860648177309176873e-05
1.688100426629006966e-05
7.974206474182159737e-06
1.381173076332828809e-05
8.240013356654960906e-05
4.143519228998481007e-05
-5.050330766982068551e-05
-5.064301279887037160e-05
-2.658068824727355239e-06
2.455418802369457778e-05
0.000000000000000000e+00
-7.366256407108405860e-05
0.000000000000000000e+00
-2.608882477517568540e-05
-7.974206474182252911e-06
-3.222737178109930274e-05
-2.923875707200156577e-05
3.990055553850391928e-05
9.037434004073176372e-05
4.603910254442834978e-06
2.658068824727449260e-06
2.915809827813752118e-05
6.113558296873039446e-05
7.366256407108416702e-05
-4.252910119563843599e-05
-6.598938031367955048e-05
-2.658068824727449260e-06
2.762346152665652197e-05
1.063227529890970217e-05
-6.292010681071771470e-05
-2.658068824727355239e-06
-1.074245726036634390e-05
-7.974206474182252911e-06
-2.915809827813741276e-05
-2.392261942254666725e-05
-1.534636751480917887e-05
-5.316137649454804499e-06
-2.762346152665652197e-05
-5.316137649454804499e-06
2.455418802369474041e-05
1.010066153396414659e-04
-3.683128203554202930e-05
-2.126455059781921799e-05
-1.534636751480923308e-05
-1.594841294836450582e-05
-1.995027776925195964e-05
-2.392261942254666725e-05
-1.995027776925190543e-05
-1.329034412363696339e-05
-4.757373929590853583e-05
-2.392261942254666725e-05
-1.534636751480912466e-05
0.000000000000000000e+00
-2.915809827813746697e-05
-1.860648177309186021e-05
4.603910254442764504e-05
9.037434004073185859e-05
-1.841564101777106886e-05
5.316137649454804499e-06
-2.608882477517568540e-05
-7.974206474182252911e-06
-2.762346152665652197e-05
-2.658068824727402165e-05
-3.376200853258024773e-05
-5.316137649454804329e-05
-1.227709401184745152e-05
-1.063227529890960900e-05
-3.222737178109924853e-05
-2.923875707200147091e-05
2.915809827813746697e-05
4.518717002036597673e-05
-9.207820508885561535e-06
1.063227529890960900e-05
4.143519228998481007e-05
7.708399591709479864e-05
6.138547005923617340e-06
-3.189682589672891678e-05
2.762346152665663039e-05
6.910978944291264398e-05
5.524692305331298974e-05
-5.316137649454813816e-05
-1.688100426629012387e-05
-7.974206474182252911e-06
6.292010681071771470e-05
-3.455489472145636942e-05
-9.207820508885507325e-06
-1.063227529890951413e-05
-4.757373929590853583e-05
2.658068824727449260e-06
7.212792731960316782e-05
-5.050330766982068551e-05
1.074245726036645232e-05
-1.860648177309186021e-05
1.074245726036650653e-05
-3.455489472145627456e-05
1.841564101777101465e-05
6.910978944291254911e-05
6.752401706516054968e-05
-3.189682589672891678e-05
-3.069273502961835775e-05
-5.316137649454710478e-06
2.148491452073290463e-05
-2.126455059781921799e-05
-4.757373929590859004e-05
1.329034412363696339e-05
-1.995027776925190543e-05
-1.860648177309186021e-05
-2.915809827813741276e-05
-2.392261942254666725e-05
3.222737178109935695e-05
2.923875707200147091e-05
-2.762346152665652197e-05
-1.594841294836441434e-05
9.207820508885561535e-06
1.594841294836450582e-05
7.673183757404670752e-06
-3.987103237091107821e-05
5.371228630183226159e-05
-1.329034412363696339e-05
-7.059329056812238545e-05
-1.594841294836450582e-05
-2.455418802369468620e-05
-1.594841294836450582e-05
-2.148491452073285042e-05
-1.594841294836441434e-05
-1.688100426629006966e-05
7.974206474182159737e-06
-6.292010681071771470e-05
2.392261942254657239e-05
-1.534636751480912466e-05
-2.126455059781921799e-05
-3.990055553850381086e-05
0.000000000000000000e+00
4.910837604738937240e-05
-2.126455059781921799e-05
-1.074245726036643605e-04
-5.316137649454804499e-06
6.138547005923682392e-05
-1.063227529890960900e-05
-6.598938031367944206e-05
-2.392261942254666725e-05
4.143519228998486428e-05
-1.860648177309195508e-05
-3.376200853258024773e-05
1.063227529890960900e-05
-1.995027776925195964e-05
-2.392261942254666725e-05
-5.217764955035120817e-05
3.189682589672891678e-05
6.138547005923725760e-06
1.063227529890970217e-05
-3.683128203554208351e-05
-5.316137649454804499e-06
7.826647432552689358e-05
8.240013356654960906e-05
1.074245726036639811e-05
-2.923875707200156577e-05
1.995027776925195964e-05
6.113558296873039446e-05
9.668211534329796243e-05
-3.987103237091107821e-05
-6.905865381664138625e-05
-2.658068824727355239e-06
1.841564101777096044e-05
5.316137649454804499e-06
-7.366256407108422123e-05
5.316137649454804499e-06
-2.608882477517557698e-05
-7.974206474182252911e-06
-3.069273502961830354e-05
-3.721296354618363234e-05
-5.421010862427522170e-20
-5.316137649454804499e-06
-1.688100426629017808e-05
-7.974206474182159737e-06
7.673183757404670752e-06
8.771627121600440594e-05
-9.207820508885561535e-06
5.316137649454898519e-06
2.762346152665657618e-05
6.910978944291254911e-05
7.980111107700783857e-05
-4.784523884509333451e-05
-3.069273502961830354e-05
-1.594841294836441434e-05
2.762346152665646776e-05
1.594841294836450582e-05
-5.831619655627498814e-05
-5.316137649454804499e-06
-2.301955127221379542e-05
-2.923875707200147091e-05
-4.910837604738942661e-05
2.658068824727402165e-05
6.138547005923725760e-06
1.594841294836441434e-05
-2.915809827813752118e-05
-1.329034412363705826e-05
4.603910254442780767e-06
9.834854651491401324e-05
2.915809827813746697e-05
-1.860648177309186021e-05
3.683128203554208351e-05
7.442592709236735954e-05
5.371228630183220738e-05
-6.645172061818509647e-05
-1.381173076332834230e-05
-2.658068824727355239e-06
6.598938031367960469e-05
-4.518717002036597673e-05
-6.292010681071776891e-05
-7.974206474182159737e-06
-1.227709401184745152e-05
-3.189682589672882869e-05
-5.985083330775598735e-05
-2.923875707200137604e-05
-2.455418802369468620e-05
0.000000000000000000e+00
-3.990055553850386507e-05
-1.594841294836441434e-05
2.608882477517568540e-05
6.113558296873029959e-05
-6.138547005923671550e-06
1.063227529890960900e-05
8.440502133145056513e-05
8.240013356654960906e-05
1.227709401184734310e-05
-3.189682589672901164e-05
1.995027776925190543e-05
6.645172061818519133e-05
7.980111107700789278e-05
-3.721296354618363234e-05
-4.143519228998491849e-05
-1.329034412363696339e-05
6.138547005923682392e-05
-3.189682589672882869e-05
-5.985083330775587893e-05
2.658068824727449260e-06
-2.148491452073279621e-05
-2.126455059781921799e-05
-4.603910254442769925e-05
-4.252910119563843599e-05
-1.688100426629012387e-05
-2.392261942254657239e-05
-4.143519228998481007e-05
-3.987103237091107821e-05
2.762346152665652197e-05
8.505820239127696684e-05
2.762346152665657618e-05
-1.063227529890960900e-05
2.915809827813741276e-05
8.240013356654960906e-05
6.138547005923676971e-05
-5.316137649454813816e-05
-3.376200853258024773e-05
-1.063227529890960900e-05
6.752401706516044126e-05
-5.316137649454813816e-05
-6.598938031367965890e-05
-2.658068824727449260e-06
-5.421010862427522170e-20
-2.126455059781912313e-05
3.376200853258024773e-05
4.252910119563843599e-05
5.678155980479404315e-05
-6.113558296873029959e-05
-4.910837604738948082e-05
0.000000000000000000e+00
5.371228630183220738e-05
-2.658068824727449260e-06
-4.910837604738937240e-05
-5.316137649454898519e-06
-1.227709401184739731e-05
-2.658068824727402165e-05
-5.524692305331309816e-05
-3.189682589672891678e-05
-4.603910254442672347e-06
-1.329034412363696339e-05
-2.762346152665657618e-05
-1.594841294836450582e-05
4.603910254442764504e-05
8.505820239127696684e-05
3.069273502961889985e-06
2.126455059781921799e-05
2.608882477517568540e-05
6.645172061818519133e-05
5.985083330775593314e-05
-5.050330766982068551e-05
-2.915809827813746697e-05
-2.658068824727355239e-06
1.534636751480944993e-06
-2.392261942254666725e-05
-5.064301279887037160e-05
1.329034412363715143e-05
-1.995027776925195964e-05
-2.392261942254666725e-05
-1.534636751480917887e-05
-2.658068824727402165e-05
2.762346152665657618e-05
2.126455059781921799e-05
-1.995027776925195964e-05
-2.658068824727449260e-06
2.762346152665652197e-05
1.063227529890961815e-04
2.915809827813752118e-05
-5.581944531927548916e-05
3.376200853258030194e-05
5.316137649454813816e-05
6.905865381664138625e-05
-6.113558296873029959e-05
-5.524692305331315237e-05
-2.126455059781921799e-05
6.292010681071776891e-05
-2.392261942254666725e-05
-5.985083330775587893e-05
7.974206474182159737e-06
-1.995027776925201385e-05
-1.860648177309186021e-05
-4.757373929590853583e-05
-3.987103237091098334e-05
-7.673183757404562332e-06
-2.658068824727355239e-06
-1.227709401184734310e-05
1.063227529890960900e-05
2.608882477517573961e-05
8.240013356654960906e-05
5.524692305331315237e-05
-6.379365179345783355e-05
-2.148491452073290463e-05
0.000000000000000000e+00
4.450446579294675426e-05
-7.974206474182159737e-06
-7.059329056812233124e-05
-5.316137649454804499e-06
-2.455418802369474041e-05
-5.316137649454804499e-06
-2.915809827813741276e-05
-3.455489472145627456e-05
2.148491452073285042e-05
5.316137649454813816e-05
-3.069273502961835775e-06
5.316137649454804499e-06
2.608882477517573961e-05
8.240013356654960906e-05
4.296982904146575506e-05
-6.910978944291264398e-05
1.074245726036650653e-05
-2.923875707200137604e-05
7.980111107700783857e-05
-3.721296354618372043e-05
-4.296982904146570085e-05
0.000000000000000000e+00
-1.534636751480917887e-05
-1.594841294836441434e-05
-5.678155980479409736e-05
-3.987103237091098334e-05
-7.673183757404616542e-06
2.658068824727449260e-06
-3.222737178109930274e-05
-2.392261942254666725e-05
3.222737178109924853e-05
8.240013356654951420e-05
4.603910254442780767e-06
-1.329034412363696339e-05
1.534636751480923308e-05
4.784523884509333451e-05
7.059329056812233124e-05
-2.658068824727402165e-05
-2.762346152665657618e-05
0.000000000000000000e+00
3.529664528406108431e-05
-2.658068824727449260e-06
-5.064301279887037160e-05
2.658068824727355239e-06
-2.148491452073285042e-05
-3.189682589672891678e-05
-4.910837604738948082e-05
5.316137649454710478e-06
-7.673183757404562332e-06
2.923875707200147091e-05
-2.301955127221379542e-05
7.974206474182252911e-06
2.915809827813752118e-05
6.645172061818509647e-05
-6.138547005923671550e-06
-1.063227529890960900e-05
2.148491452073290463e-05
9.569047769018666902e-05
2.301955127221384963e-05
-6.645172061818509647e-05
9.207820508885507325e-06
5.316137649454804499e-06
7.673183757404600279e-05
-4.784523884509323964e-05
1.534636751480917887e-05
5.316137649454804499e-06
7.673183757404605700e-05
-1.594841294836431947e-05
-5.678155980479409736e-05
7.974206474182159737e-06
-1.534636751480923308e-05
-2.658068824727411651e-05
-1.534636751480917887e-05
-1.594841294836441434e-05
2.148491452073279621e-05
2.658068824727411651e-05
-3.376200853258013931e-05
-1.063227529890960900e-05
2.915809827813746697e-05
8.771627121600440594e-05
2.455418802369479462e-05
-4.784523884509333451e-05
2.301955127221379542e-05
2.923875707200147091e-05
6.752401706516049547e-05
-5.847751414400294181e-05
-1.028206623492215798e-04
-7.974206474182159737e-06
5.371228630183220738e-05
-2.392261942254666725e-05
-5.831619655627493393e-05
-5.316137649454898519e-06
-1.841564101777101465e-05
-2.126455059781921799e-05
-3.836591878702297429e-05
-1.860648177309176873e-05
-2.148491452073295884e-05
-5.316137649454804499e-06
