1.187214611872147163e-01
-9.490689356541792687e-02
9.132420091324311429e-03
3.163563118847263766e-02
1.575342465753425403e-01
-1.304969786524496078e-01
-1.917808219178080975e-01
3.163563118847263766e-02
-9.817351598173507110e-02
-2.768117728991360826e-02
-1.826484018264840081e-01
0.000000000000000000e+00
5.022831050228304672e-02
1.028158013625361800e-01
1.141552511415522275e-02
8.304353186974063050e-02
1.369863013698635612e-02
2.609939573048992156e-01
1.689497716894975410e-01
-2.689028651020174410e-01
-4.794520547945213540e-02
-1.977226949279554599e-02
5.936073059360735815e-02
5.536235457982702224e-02
-1.210045662100456276e-01
-6.722571627550451290e-02
-1.826484018264851183e-02
7.908907797118256561e-03
-1.187214611872147163e-01
7.908907797118064006e-03
4.337899543378986866e-02
1.621326098409222316e-01
7.762557077625586999e-02
0.000000000000000000e+00
1.324200913242008504e-01
6.327126237694527533e-02
1.392694063926940284e-01
-1.067702552610952094e-01
-1.963470319634702532e-01
-5.536235457982702224e-02
-8.219178082191780366e-02
-4.745344678270896344e-02
-1.506849315068493622e-01
-1.107247091596542388e-01
2.283105022831044550e-02
-7.908907797118064006e-03
-1.118721461187215382e-01
2.768117728991341744e-02
6.392694063926940284e-02
2.056316027250721656e-01
2.123287671232876317e-01
-7.513462407262257170e-02
-1.210045662100456276e-01
2.728573190005764704e-01
-2.283105022831133368e-03
-3.559008508703186829e-02
-1.050228310502282492e-01
-1.186336169567723114e-01
2.511415525114168990e-02
-5.931680847838625287e-02
-6.849315068493178060e-03
-7.513462407262257170e-02
6.392694063926940284e-02
7.118017017406354230e-02
-6.849315068493067038e-03
6.722571627550431861e-02
1.278538812785388057e-01
2.135405105221904187e-01
2.260273972602739878e-01
-1.779504254351585713e-01
1.598173515981748949e-02
-5.140790068126799284e-02
3.652968036529680163e-02
-7.908907797118064006e-03
-1.598173515981735626e-01
-7.908907797118064006e-03
-5.022831050228326877e-02
-1.107247091596542388e-01
-7.077625570776258090e-02
-1.977226949279554599e-02
0.000000000000000000e+00
2.293583261164265641e-01
1.484018264840183399e-01
1.779504254351585713e-01
1.255707762557077833e-01
1.304969786524496078e-01
2.671232876712328341e-01
-7.513462407262257170e-02
1.712328767123286744e-01
2.807662267976947512e-01
-2.283105022831044550e-02
6.327126237694527533e-02
-3.287671232876712146e-01
-2.847206806962537806e-01
-1.278538812785388057e-01
-1.265425247538905507e-01
-4.109589041095906836e-02
-6.327126237694527533e-02
-4.109589041095895734e-02
1.423603403481268903e-01
4.566210045662044692e-03
-3.954453898559070341e-02
4.566210045662100203e-02
1.581781559423631883e-02
1.689497716894976520e-01
-1.898137871308358537e-01
-1.575342465753425403e-01
3.954453898559032003e-03
-8.219178082191769263e-02
-3.954453898559070341e-02
-1.438356164383561842e-01
-4.349899288414973975e-02
2.739726027397260122e-02
-5.536235457982702224e-02
4.566210045662155714e-03
1.581781559423631883e-02
3.652968036529680163e-02
2.135405105221904187e-01
1.232876712328767610e-01
-1.265425247538905507e-01
1.050228310502283602e-01
-2.372672339135457539e-02
2.534246575342464780e-01
-1.779504254351585713e-01
-4.794520547945213540e-02
-3.598553047688761719e-01
-9.817351598173507110e-02
-1.542237020438041728e-01
-2.351598173515982992e-01
1.146791630582132820e-01
-5.022831050228326877e-02
1.107247091596542388e-01
-5.251141552511418009e-02
-3.559008508703167400e-02
2.968036529680373459e-02
2.728573190005766924e-01
1.506849315068491402e-01
-1.739959715365995141e-01
-1.141552511415524496e-01
-3.163563118847263766e-02
2.739726027397271224e-02
3.163563118847263766e-02
-1.575342465753424293e-01
-1.977226949279535170e-02
-4.109589041095884632e-02
-2.372672339135457539e-02
-2.511415525114157887e-02
-7.513462407262257170e-02
7.077625570776246988e-02
1.700415176380404847e-01
4.566210045662089101e-02
-3.163563118847263766e-02
8.675799086757984835e-02
1.186336169567723114e-01
1.666666666666665186e-01
-1.146791630582132820e-01
-2.214611872146119431e-01
-1.186336169567728770e-02
-2.739726027397249020e-02
-3.954453898559070341e-02
-2.511415525114155667e-01
3.954453898559070341e-02
-8.675799086757984835e-02
1.186336169567723114e-01
-4.566210045662155714e-03
1.581781559423631883e-02
1.118721461187215382e-01
1.700415176380404847e-01
1.073059360730594936e-01
-4.349899288414992710e-02
2.054794520547944536e-01
6.327126237694527533e-02
6.392694063926929182e-02
-2.214494183193084775e-01
-2.283105022831050102e-01
-2.372672339135438457e-02
-8.675799086757995937e-02
2.372672339135457539e-02
-4.109589041095895734e-02
-7.908907797118160110e-02
-9.132420091324089384e-03
2.372672339135457539e-02
-7.990867579908667029e-02
8.304353186974082479e-02
7.077625570776258090e-02
2.016771488265129419e-01
2.009132420091324089e-01
-1.819048793337177949e-01
-1.826484018264828979e-02
-4.745344678270896344e-02
1.529680365296804956e-01
-1.225880708553315351e-01
-1.621004566210044739e-01
3.954453898559224558e-03
-5.936073059360746917e-02
-1.265425247538905507e-01
-9.360730593607313743e-02
-1.225880708553313408e-01
-9.132420091324089384e-03
2.768117728991357218e-01
-7.305936073059360325e-02
1.898137871308358537e-01
4.794520547945213540e-02
2.412216878121040409e-01
1.826484018264840081e-01
-1.898137871308358537e-01
-1.141552511415522275e-02
-4.349899288414992710e-02
1.757990867579908301e-01
-3.559008508703186829e-02
-1.621004566210044739e-01
-1.977226949279535170e-02
-7.077625570776246988e-02
-4.349899288414992710e-02
-5.022831050228304672e-02
-7.908907797118160110e-02
6.849315068493144754e-02
1.660870637394814553e-01
4.337899543378997969e-02
8.304353186974063050e-02
6.392694063926951387e-02
1.898137871308358537e-01
2.077625570776254760e-01
-1.225880708553315351e-01
-6.392694063926929182e-02
-8.699798576829985419e-02
-4.566210045662089101e-02
3.163563118847263766e-02
-2.077625570776255870e-01
-1.977226949279535170e-02
-7.762557077625575896e-02
-3.954453898559089770e-02
-1.004566210045663155e-01
-3.163563118847263766e-02
4.337899543379009071e-02
3.440374891746399988e-01
2.009132420091324089e-01
3.163563118847263766e-02
2.511415525114146785e-02
3.559008508703167400e-02
2.351598173515981882e-01
-9.886134746397695627e-02
-1.484018264840182288e-01
-5.140790068126818713e-02
-9.589041095890415978e-02
-1.581781559423631883e-02
-1.324200913242010724e-01
-9.490689356541792687e-02
-9.132420091324200406e-03
3.954453898559089770e-02
-1.027397260273972268e-01
-1.186336169567728770e-02
-1.110223024625156540e-16
2.451761417106628760e-01
3.881278538812782397e-02
-5.140790068126818713e-02
6.392694063926951387e-02
-1.819048793337177949e-01
1.438356164383560731e-01
-7.513462407262257170e-02
-1.598173515981734516e-01
-1.107247091596542388e-01
-9.589041095890404875e-02
-9.490689356541792687e-02
-1.232876712328765390e-01
3.163563118847263766e-02
2.054794520547931214e-02
5.140790068126799284e-02
9.817351598173507110e-02
3.954453898559032003e-03
-1.255707762557077833e-01
3.914909359573487957e-01
1.643835616438357183e-01
-7.118017017406354230e-02
-9.132420091324200406e-02
-8.699798576829985419e-02
5.479452054794509142e-02
-5.536235457982702224e-02
-1.872146118721461638e-01
-3.954453898559089770e-02
-1.598173515981726744e-02
-2.768117728991341744e-02
-8.675799086757995937e-02
-1.028158013625359857e-01
1.666666666666665186e-01
2.333127800149857878e-01
7.534246575342473662e-02
6.722571627550451290e-02
8.447488584474882600e-02
2.412216878121038466e-01
1.073059360730593825e-01
-1.621326098409222316e-01
-6.849315068493067038e-03
-9.095243966685889747e-02
1.438356164383561842e-01
-6.722571627550431861e-02
-1.712328767123287854e-01
4.349899288414992710e-02
-1.232876712328768720e-01
1.581781559423631883e-02
-1.415525114155251618e-01
-2.372672339135457539e-02
-2.260273972602740988e-01
1.542237020438041728e-01
4.566210045662100203e-02
7.908907797118160110e-02
7.328767123287669438e-01
-5.140790068126818713e-02
4.383561643835617305e-01
-1.423603403481268903e-01
-3.424657534246577928e-02
1.977226949279554599e-02
2.077625570776254760e-01
-1.621326098409222316e-01
-1.757990867579909411e-01
-2.768117728991360826e-02
-1.164383561643835829e-01
-1.186336169567728770e-02
-2.054794520547942316e-02
-1.700415176380402904e-01
-7.077625570776258090e-02
8.304353186974082479e-02
-1.324200913242008504e-01
7.908907797118064006e-03
8.904109589041087069e-02
1.225880708553313408e-01
1.780821917808218524e-01
-1.739959715365995141e-01
4.566210045662089101e-02
-6.327126237694527533e-02
1.757990867579908301e-01
-1.779504254351585713e-01
-1.529680365296802735e-01
2.768117728991360826e-02
2.968036529680362356e-02
-2.768117728991341744e-02
-1.392694063926941395e-01
5.140790068126818713e-02
1.643835616438354963e-01
3.638097586674353678e-01
-4.566210045662089101e-02
-1.265425247538905507e-01
-9.178082191780821963e-01
-1.020249105828242797e+00
1.050228310502283602e-01
-2.293583261164265641e-01
-1.278538812785389167e-01
2.609939573048993822e-01
-3.881278538812793499e-02
-5.140790068126799284e-02
-1.324200913242008504e-01
3.954453898559070341e-02
-4.337899543378986866e-02
1.858593332322768243e-01
-2.054794520547953418e-02
-2.768117728991341744e-02
-2.511415525114146785e-02
3.440374891746399988e-01
1.826484018264851183e-02
1.581781559423631883e-02
9.132420091324211509e-02
1.107247091596542388e-01
1.803652968036528748e-01
-2.016771488265131362e-01
-1.232876712328767610e-01
0.000000000000000000e+00
-7.990867579908667029e-02
-1.977226949279554599e-02
-4.337899543378997969e-02
-7.513462407262257170e-02
-4.109589041095884632e-02
3.163563118847263766e-02
-1.073059360730592715e-01
4.349899288414992710e-02
8.675799086757995937e-02
1.581781559423632022e-01
-1.917808219178082085e-01
1.107247091596542388e-01
-3.995433789954336845e-01
2.095860566236311950e-01
1.917808219178080975e-01
-7.908907797118064006e-03
-1.141552511415522275e-02
-1.225880708553313408e-01
-5.936073059360724713e-02
3.163563118847263766e-02
-3.652968036529669060e-02
-7.118017017406354230e-02
5.707762557077633581e-02
5.140790068126799284e-02
-2.054794520547931214e-02
5.140790068126799284e-02
1.826484018264840081e-02
2.847206806962537806e-01
2.214611872146119431e-01
-2.412216878121038466e-01
5.936073059360724713e-02
0.000000000000000000e+00
1.826484018264841191e-01
-1.028158013625361800e-01
-1.392694063926939174e-01
2.768117728991360826e-02
-1.141552511415522275e-02
-5.140790068126799284e-02
-2.031963470319634313e-01
-6.722571627550431861e-02
-3.881278538812782397e-02
-1.186336169567709688e-02
-9.132420091324211509e-02
-7.908907797118256561e-03
3.424657534246566826e-02
1.779504254351585713e-01
1.164383561643836940e-01
6.722571627550431861e-02
3.242009132420091699e-01
1.265425247538905507e-01
1.301369863013698280e-01
-9.095243966685889747e-02
-2.671232876712329452e-01
-3.559008508703167400e-02
-3.196347031963464591e-02
-1.581781559423631883e-02
-2.351598173515981882e-01
-2.174949644207494481e-01
-5.707762557077622478e-02
-3.954453898559032003e-03
-5.479452054794520244e-02
0.000000000000000000e+00
-1.369863013698635612e-02
1.660870637394812610e-01
1.278538812785388057e-01
-1.819048793337177949e-01
7.077625570776246988e-02
1.977226949279535170e-02
1.849315068493150305e-01
-1.146791630582134625e-01
-2.009132420091325200e-01
7.908907797118256561e-03
-7.990867579908678131e-02
-8.304353186974063050e-02
-5.251141552511418009e-02
-9.886134746397695627e-02
2.283105022831022346e-03
1.700415176380402904e-01
-6.392694063926940284e-02
-7.908907797118256561e-03
1.050228310502283602e-01
1.581781559423632022e-01
8.447488584474882600e-02
-9.886134746397715056e-02
8.675799086757984835e-02
7.118017017406354230e-02
1.255707762557076723e-01
-9.095243966685870318e-02
-1.415525114155251618e-01
-1.265425247538905507e-01
1.110223024625156540e-16
-4.745344678270896344e-02
-5.479452054794520244e-02
-1.186336169567725057e-01
3.881278538812793499e-02
2.649484112034584116e-01
-3.652968036529669060e-02
5.536235457982702224e-02
1.255707762557076723e-01
1.700415176380404847e-01
2.054794520547945647e-01
-1.186336169567723114e-01
-8.904109589041098172e-02
-4.349899288414973975e-02
2.283105022831133368e-03
1.186336169567728770e-02
-9.817351598173518212e-02
-4.349899288414992710e-02
-5.251141552511418009e-02
-6.722571627550431861e-02
-5.479452054794520244e-02
-2.372672339135457539e-02
5.936073059360735815e-02
1.502692481452449491e-01
3.652968036529680163e-02
5.536235457982721653e-02
1.255707762557077833e-01
1.779504254351587378e-01
3.470319634703195044e-01
-1.344514325510088315e-01
2.054794520547942316e-02
-1.186336169567709688e-02
-1.438356164383562952e-01
-1.700415176380404847e-01
-2.191780821917808098e-01
-7.118017017406334801e-02
-4.337899543378997969e-02
-4.349899288414992710e-02
-5.251141552511406907e-02
-4.349899288414992710e-02
2.054794520547953418e-02
2.095860566236311950e-01
-4.566210045662044692e-03
6.327126237694527533e-02
1.027397260273972268e-01
1.779504254351585713e-01
1.712328767123287854e-01
-9.886134746397715056e-02
-1.004566210045662045e-01
-4.745344678270896344e-02
1.369863013698635612e-02
0.000000000000000000e+00
-1.210045662100456276e-01
1.186336169567728770e-02
-3.424657534246577928e-02
-1.977226949279554599e-02
-7.990867579908667029e-02
-3.559008508703167400e-02
5.707762557077611376e-02
2.965840423919310354e-01
7.077625570776246988e-02
4.349899288414992710e-02
9.132420091324200406e-03
7.908907797118160110e-02
1.301369863013698280e-01
-3.954453898559032003e-03
-6.392694063926940284e-02
-1.107247091596542388e-01
9.132420091324200406e-03
-1.028158013625361800e-01
-1.324200913242009614e-01
-1.423603403481268903e-01
-5.022831050228304672e-02
2.372672339135438457e-02
-3.196347031963464591e-02
2.372672339135438457e-02
1.141552511415522275e-02
1.779504254351585713e-01
4.794520547945202438e-02
-1.384058864495678609e-01
3.652968036529691265e-02
-7.908907797118256561e-03
1.392694063926940284e-01
-1.304969786524498021e-01
-1.689497716894977630e-01
-4.745344678270896344e-02
-5.936073059360713611e-02
-4.745344678270896344e-02
2.283105022831044550e-02
-7.118017017406334801e-02
1.826484018264828979e-02
4.745344678270896344e-02
-1.369863013698635612e-02
7.908907797118064006e-03
1.780821917808218524e-01
2.056316027250721656e-01
1.621004566210045850e-01
-1.542237020438041728e-01
2.283105022831044550e-02
-3.163563118847263766e-02
2.739726027397260122e-01
-6.327126237694527533e-02
-2.442922374429222776e-01
-2.095860566236313893e-01
-4.200913242009132187e-01
-1.028158013625359857e-01
-1.757990867579909411e-01
3.954453898559032003e-03
4.566210045662044692e-03
2.293583261164265641e-01
3.424657534246589030e-02
-4.349899288414992710e-02
7.534246575342473662e-02
4.349899288414992710e-02
1.575342465753424293e-01
-2.016771488265131362e-01
-2.214611872146119431e-01
-4.349899288414992710e-02
-7.534246575342462560e-02
-2.768117728991360826e-02
-1.643835616438354963e-01
-1.977226949279541068e-01
-2.968036529680362356e-02
5.140790068126799284e-02
-1.164383561643836940e-01
3.559008508703167400e-02
8.447488584474882600e-02
1.858593332322766301e-01
1.643835616438356073e-01
-2.214494183193084775e-01
-1.110223024625156540e-16
-1.423603403481268903e-01
6.621004566210042519e-02
-7.513462407262257170e-02
-1.917808219178083196e-01
-1.581781559423632022e-01
-1.118721461187215382e-01
-3.598553047688763384e-01
-1.255707762557077833e-01
1.304969786524496078e-01
2.511415525114163438e-02
5.971225386824210446e-01
-2.283105022831022346e-03
1.304969786524496078e-01
1.050228310502282492e-01
1.819048793337176007e-01
1.780821917808218524e-01
-8.699798576829965990e-02
-6.164383561643838050e-02
-7.513462407262257170e-02
9.132420091324311429e-03
-7.908907797118064006e-03
-1.757990867579909411e-01
-7.513462407262237741e-02
-3.196347031963475693e-02
-9.490689356541792687e-02
-5.479452054794520244e-02
-3.954453898559070341e-02
2.739726027397260122e-02
2.372672339135448172e-01
6.849315068493067038e-03
5.140790068126818713e-02
4.337899543378997969e-02
1.304969786524498021e-01
1.849315068493150305e-01
-8.304353186974082479e-02
-2.420091324200913663e-01
-1.581781559423631883e-02
-8.904109589041087069e-02
1.186336169567728770e-02
-2.054794520547945647e-01
-4.745344678270896344e-02
-1.484018264840182288e-01
-2.768117728991360826e-02
1.894977168949770752e-01
-6.722571627550431861e-02
3.835616438356164171e-01
2.214494183193084775e-01
1.529680365296803846e-01
-1.779504254351585713e-01
5.022831050228304672e-02
-1.107247091596542388e-01
1.872146118721461638e-01
-5.536235457982702224e-02
-1.735159817351599187e-01
-3.163563118847263766e-02
-1.110223024625156540e-16
-5.536235457982702224e-02
-5.936073059360746917e-02
-1.265425247538905507e-01
-2.283105022831055653e-02
5.536235457982702224e-02
